Sample	0	1	2	3	4	5	6	7	8	9	10	11	12	13	14	15
BA12-S5_R1_001	(1.0, 21.665162963199155)	(2.0, 12.886104772010173)	(3.0, 8.468682153491773)	(4.0, 5.561678602748368)	(5.0, 3.9148895156740777)	(6.0, 2.94634582411296)	(7.0, 2.076449435603051)	(8.0, 1.7686608987331696)	(9.0, 1.3811816456845882)	('>10', 17.141458621557135)	('>50', 6.14926218580599)	('>100', 11.513222563301378)	('>500', 2.7012542615477426)	('>1k', 1.7900216995294131)	('>5k', 0.0356248570009047)	('>10k+', 0.0)
BA12-S5_R2_001	(1.0, 22.242349663017052)	(2.0, 12.315588064661576)	(3.0, 8.132458704400747)	(4.0, 5.428138427566717)	(5.0, 3.682090900025815)	(6.0, 2.6683855810435815)	(7.0, 2.0432016376129036)	(8.0, 1.6258423912193474)	(9.0, 1.2658602416406883)	('>10', 16.637735922989698)	('>50', 6.231555692643159)	('>100', 11.920342800673774)	('>500', 3.2622029949052584)	('>1k', 2.4136408315409246)	('>5k', 0.13060614605873888)	('>10k+', 0.0)
BA12-WYS_R1_001	(1.0, 25.469350566805737)	(2.0, 15.973357198187857)	(3.0, 10.75288234859325)	(4.0, 6.999405284479826)	(5.0, 4.738136888166201)	(6.0, 3.4389258114814942)	(7.0, 2.4844807892798557)	(8.0, 1.8965920755647712)	(9.0, 1.671591332261104)	('>10', 14.053064855618347)	('>50', 3.2365970720053365)	('>100', 5.728783401780883)	('>500', 1.8992161302916724)	('>1k', 1.540452189856905)	('>5k', 0.06144514429826407)	('>10k+', 0.055718911328560036)
BA12-WYS_R2_001	(1.0, 26.07469665376903)	(2.0, 15.347414150785019)	(3.0, 10.339413399546741)	(4.0, 6.678422800588951)	(5.0, 4.63623277211421)	(6.0, 3.341236852389471)	(7.0, 2.5175816494899044)	(8.0, 1.8751067569385043)	(9.0, 1.5683465452576029)	('>10', 14.376663607278104)	('>50', 3.172739740259746)	('>100', 5.919828956848578)	('>500', 2.0611861206639306)	('>1k', 1.824859875445079)	('>5k', 0.179199536419076)	('>10k+', 0.08707058220584152)
BA12-gam_R1_001	(1.0, 24.48877196738277)	(2.0, 14.820813012102315)	(3.0, 9.626913402118543)	(4.0, 6.0317763228433)	(5.0, 4.045046653664682)	(6.0, 2.853817990426292)	(7.0, 2.0069645334683313)	(8.0, 1.5185029484482728)	(9.0, 1.2613644980294125)	('>10', 12.330251268078783)	('>50', 3.5620218898330065)	('>100', 8.980063294399756)	('>500', 4.084441144131915)	('>1k', 4.045185091737364)	('>5k', 0.27738396008426525)	('>10k+', 0.06668202325105432)
BA12-gam_R2_001	(1.0, 25.794541764116335)	(2.0, 14.301123833512186)	(3.0, 9.171661419313759)	(4.0, 5.876303887645571)	(5.0, 3.924049429534778)	(6.0, 2.6913061058180596)	(7.0, 2.013767835400702)	(8.0, 1.5804028832671635)	(9.0, 1.2388447460835839)	('>10', 12.356557511399481)	('>50', 3.288765929437497)	('>100', 8.621578775364174)	('>500', 4.120931532695816)	('>1k', 4.471301798431673)	('>5k', 0.4549414758257539)	('>10k+', 0.09392107215356417)
BA14-S5_R1_001	(1.0, 9.964646525469407)	(2.0, 8.230672389792062)	(3.0, 7.237906066052494)	(4.0, 5.830483319852969)	(5.0, 4.638391913378486)	(6.0, 3.5874485602157065)	(7.0, 2.6415615707729505)	(8.0, 2.1074554539594477)	(9.0, 1.7686824440057938)	('>10', 18.44702020288555)	('>50', 6.274532536990115)	('>100', 14.705690270229946)	('>500', 5.931005708500195)	('>1k', 7.513272602777746)	('>5k', 0.7575092981930148)	('>10k+', 0.3637211369245)
BA14-S5_R2_001	(1.0, 11.208605597377012)	(2.0, 7.978983701211233)	(3.0, 7.0449491671655)	(4.0, 5.596277317825525)	(5.0, 4.354632750086882)	(6.0, 3.300838036336704)	(7.0, 2.5714829338819984)	(8.0, 2.014625234050538)	(9.0, 1.6326365056152414)	('>10', 17.62130028962736)	('>50', 6.171238389370161)	('>100', 14.297088372316125)	('>500', 6.412180290454141)	('>1k', 8.228277978951676)	('>5k', 1.006965045029245)	('>10k+', 0.5599183907008544)
BA14-WYS_R1_001	(1.0, 30.03874295682798)	(2.0, 18.60252247270495)	(3.0, 11.72933101595116)	(4.0, 7.741026524044081)	(5.0, 5.188917074025375)	(6.0, 3.4099928900550176)	(7.0, 2.456325365430617)	(8.0, 1.8903460369932803)	(9.0, 1.5072898980231118)	('>10', 12.794112376631961)	('>50', 2.2895038744686205)	('>100', 2.0994124472138465)	('>500', 0.1497797315832127)	('>1k', 0.10269733604686244)	('>5k', 0.0)	('>10k+', 0.0)
BA14-WYS_R2_001	(1.0, 31.073405331681865)	(2.0, 17.959498257340854)	(3.0, 11.491371947503042)	(4.0, 7.4697994261909635)	(5.0, 5.001803358576346)	(6.0, 3.4285547689052898)	(7.0, 2.468691781914099)	(8.0, 1.842204510198497)	(9.0, 1.498505935904146)	('>10', 12.768001877570633)	('>50', 2.334489502075993)	('>100', 2.281369577001598)	('>500', 0.22136665840241662)	('>1k', 0.12380104227590145)	('>5k', 0.03713602445823715)	('>10k+', 0.0)
BA14-gam_R1_001	(1.0, 17.18843074121027)	(2.0, 11.348838937956863)	(3.0, 7.838431930775045)	(4.0, 5.203217345007722)	(5.0, 3.59834187165103)	(6.0, 2.4098517581021714)	(7.0, 1.8820873952033472)	(8.0, 1.3654772893731224)	(9.0, 1.1032667021305098)	('>10', 10.712845428069688)	('>50', 3.488151813402517)	('>100', 11.223278415357031)	('>500', 7.4781827229637265)	('>1k', 12.975633707841258)	('>5k', 1.4136083476154273)	('>10k+', 0.7703555933401114)
BA14-gam_R2_001	(1.0, 17.791994869884906)	(2.0, 10.942942117291675)	(3.0, 7.644567597300295)	(4.0, 5.048708557610717)	(5.0, 3.484004902669988)	(6.0, 2.4184685986341834)	(7.0, 1.771179477878871)	(8.0, 1.4131706362875183)	(9.0, 1.1063377827651166)	('>10', 10.77965012431284)	('>50', 3.2877486928580058)	('>100', 10.268795853938808)	('>500', 7.429348506620209)	('>1k', 14.027245776559688)	('>5k', 1.610221678378237)	('>10k+', 0.9756148270089092)
BA19-S5_R1_001	(1.0, 25.348934098650172)	(2.0, 16.190933900663733)	(3.0, 10.941626298760621)	(4.0, 7.474903473218298)	(5.0, 5.340259213046243)	(6.0, 3.627576101048103)	(7.0, 2.739226133860751)	(8.0, 2.074155989648179)	(9.0, 1.6371923712336385)	('>10', 13.13483702320924)	('>50', 3.0446886874377377)	('>100', 4.974613565085755)	('>500', 1.720810894668317)	('>1k', 1.5142554647323843)	('>5k', 0.23598678473691187)	('>10k+', 0.0)
BA19-S5_R2_001	(1.0, 25.650447595689403)	(2.0, 15.692532888654807)	(3.0, 10.596706634990342)	(4.0, 7.33388026883854)	(5.0, 5.155610499920026)	(6.0, 3.637185405362986)	(7.0, 2.6861296739560934)	(8.0, 2.082886576180572)	(9.0, 1.5588013702383454)	('>10', 13.44121103310216)	('>50', 3.0627188673509798)	('>100', 5.301704729487671)	('>500', 1.7250401297448517)	('>1k', 1.7170501507397407)	('>5k', 0.2805263188295142)	('>10k+', 0.07756785691412184)
BA19-WYS_R1_001	(1.0, 25.57302133809668)	(2.0, 14.648796090120772)	(3.0, 9.16358775473344)	(4.0, 6.017636707531115)	(5.0, 3.944118976871381)	(6.0, 2.8081392366236066)	(7.0, 2.13784716778917)	(8.0, 1.668228888043282)	(9.0, 1.3644840203964028)	('>10', 13.463724643749636)	('>50', 3.542769282212474)	('>100', 8.249613770940345)	('>500', 3.663751510754128)	('>1k', 3.338192370667212)	('>5k', 0.3223177518148356)	('>10k+', 0.09377048965559477)
BA19-WYS_R2_001	(1.0, 26.154658432263066)	(2.0, 14.184940631141624)	(3.0, 8.929955508001294)	(4.0, 5.8418228125816185)	(5.0, 3.887195401640943)	(6.0, 2.776386999256989)	(7.0, 2.0724641792273424)	(8.0, 1.6519949067983735)	(9.0, 1.3629703913369107)	('>10', 13.549849112393225)	('>50', 3.5715401888715097)	('>100', 8.180390506520617)	('>500', 3.836532197407395)	('>1k', 3.46591725207988)	('>5k', 0.34303307898905594)	('>10k+', 0.1903484014903111)
BA19-gam_R1_001	(1.0, 14.340026220490603)	(2.0, 6.694026637090798)	(3.0, 3.527796812181663)	(4.0, 2.1312754132926024)	(5.0, 1.437956006367612)	(6.0, 1.0963739529835486)	(7.0, 0.8703169644906895)	(8.0, 0.6989196879622899)	(9.0, 0.6074615652774435)	('>10', 7.374078595045133)	('>50', 2.624825480640936)	('>100', 9.099254277716632)	('>500', 7.5327289351255695)	('>1k', 25.36112392338229)	('>5k', 9.677172547280778)	('>10k+', 6.926662980671479)
BA19-gam_R2_001	(1.0, 14.247521665811139)	(2.0, 6.721918621403387)	(3.0, 3.6278580099207423)	(4.0, 2.171954684190348)	(5.0, 1.427798443716684)	(6.0, 1.0623995068381447)	(7.0, 0.819779730949238)	(8.0, 0.6815802436721146)	(9.0, 0.5760843282904273)	('>10', 7.183380640371142)	('>50', 2.539932752516572)	('>100', 9.14583261699884)	('>500', 7.54598321253109)	('>1k', 25.04249407659969)	('>5k', 9.478712641081927)	('>10k+', 7.726768825108536)
BD5-S5_R1_001	(1.0, 26.10493430306851)	(2.0, 15.286971623135553)	(3.0, 9.588050503814433)	(4.0, 6.130334140719024)	(5.0, 4.0503671306796445)	(6.0, 2.8654768050801542)	(7.0, 2.1592138170668305)	(8.0, 1.6514088049296882)	(9.0, 1.3463336373005088)	('>10', 15.963741715521287)	('>50', 5.1465460168118575)	('>100', 7.671720690189209)	('>500', 1.4035452218710849)	('>1k', 0.6313555898121804)	('>5k', 0.0)	('>10k+', 0.0)
BD5-S5_R2_001	(1.0, 26.302347695122858)	(2.0, 14.640650562139005)	(3.0, 9.242784739974311)	(4.0, 6.102193102361706)	(5.0, 4.039551250783467)	(6.0, 2.810926699338643)	(7.0, 2.199131198505314)	(8.0, 1.7292124768423769)	(9.0, 1.4638761638489768)	('>10', 15.889023138083916)	('>50', 5.072625782685682)	('>100', 8.159574266012404)	('>500', 1.4729515082208176)	('>1k', 0.834159337832167)	('>5k', 0.040992078248519505)	('>10k+', 0.0)
BD5-WYS_R1_001	(1.0, 23.513932184583833)	(2.0, 14.131159459601363)	(3.0, 9.027002452146915)	(4.0, 6.048597062172972)	(5.0, 4.184485364587245)	(6.0, 2.846124938030164)	(7.0, 2.1704905164777006)	(8.0, 1.7532492447074408)	(9.0, 1.524103288159475)	('>10', 15.097264836216068)	('>50', 4.373427255532766)	('>100', 8.569352448903054)	('>500', 3.1171712865059007)	('>1k', 3.3180312777847853)	('>5k', 0.24452933637338628)	('>10k+', 0.08107904821696647)
BD5-WYS_R2_001	(1.0, 24.043453491855153)	(2.0, 13.73392038044715)	(3.0, 8.675949977274255)	(4.0, 5.806051739156195)	(5.0, 3.9919120470512945)	(6.0, 2.9609363765723593)	(7.0, 2.1593578722786417)	(8.0, 1.666275341632511)	(9.0, 1.4526450484127145)	('>10', 15.19526230315224)	('>50', 4.2940260103953545)	('>100', 8.535220612731036)	('>500', 3.611059475915438)	('>1k', 3.4634900831915374)	('>5k', 0.22803433624683367)	('>10k+', 0.18240490368724746)
BD5-gam_R1_001	(1.0, 15.5102153018672)	(2.0, 7.448193097058255)	(3.0, 4.029418302759093)	(4.0, 2.55921361626505)	(5.0, 1.7246996537368287)	(6.0, 1.3353176516751628)	(7.0, 1.074177544574653)	(8.0, 0.8562497458427863)	(9.0, 0.705477304294839)	('>10', 8.733763795577827)	('>50', 3.0115565418892443)	('>100', 9.374876930953729)	('>500', 7.28931357826304)	('>1k', 23.66615500299794)	('>5k', 7.334022580237494)	('>10k+', 5.3473493520069)
BD5-gam_R2_001	(1.0, 15.436949346739725)	(2.0, 7.472808120791469)	(3.0, 4.080705339993304)	(4.0, 2.4917836239999263)	(5.0, 1.6781487828202528)	(6.0, 1.263369008856953)	(7.0, 1.0110707973802)	(8.0, 0.7908885023304248)	(9.0, 0.7266417634439516)	('>10', 8.630122434819132)	('>50', 2.987834637000249)	('>100', 9.562481642519138)	('>500', 7.213341120147526)	('>1k', 23.64991931646113)	('>5k', 7.0202799420891635)	('>10k+', 5.9836556206073555)
BF16-S5_R1_001	(1.0, 17.633951856822954)	(2.0, 8.32881056732348)	(3.0, 4.771013460799718)	(4.0, 3.1102374439521934)	(5.0, 2.335659995119042)	(6.0, 1.8651768455689322)	(7.0, 1.4763012163630238)	(8.0, 1.2654682342499748)	(9.0, 1.10769504328295)	('>10', 14.554893767564172)	('>50', 5.452972077502379)	('>100', 12.8135281803013)	('>500', 6.327348421595048)	('>1k', 14.609676239783957)	('>5k', 2.721114984786001)	('>10k+', 1.6261516649850254)
BF16-S5_R2_001	(1.0, 17.17085432638504)	(2.0, 8.270608914476671)	(3.0, 4.825426172479666)	(4.0, 3.120580746274121)	(5.0, 2.287237038751133)	(6.0, 1.8365626967046182)	(7.0, 1.513817808716768)	(8.0, 1.2093607533969284)	(9.0, 1.0629186724153006)	('>10', 14.54799370649971)	('>50', 5.5356902365678256)	('>100', 12.943062194063607)	('>500', 6.267381315776064)	('>1k', 14.518725957114592)	('>5k', 2.5248366724290077)	('>10k+', 2.364942787948916)
BF16-WYS_R1_001	(1.0, 26.767010951226684)	(2.0, 16.39543198357532)	(3.0, 10.393080330178275)	(4.0, 6.7206284906025235)	(5.0, 4.442168457438082)	(6.0, 3.080021620879614)	(7.0, 2.393787725163249)	(8.0, 1.9083791918101236)	(9.0, 1.5037691516869411)	('>10', 14.237699716340629)	('>50', 3.308541058780575)	('>100', 5.651070029073906)	('>500', 1.7233490146867536)	('>1k', 1.3541224938851102)	('>5k', 0.1209397846722198)	('>10k+', 0.0)
BF16-WYS_R2_001	(1.0, 27.450615466247292)	(2.0, 15.904778724215513)	(3.0, 10.102488357898935)	(4.0, 6.526989151211109)	(5.0, 4.409652490743734)	(6.0, 3.0644210611616094)	(7.0, 2.320196908570617)	(8.0, 1.8334446403952067)	(9.0, 1.4556679271149902)	('>10', 14.252407471655395)	('>50', 3.409191232996182)	('>100', 5.866147591955103)	('>500', 1.7165695238313516)	('>1k', 1.4528919919322845)	('>5k', 0.16116578186572195)	('>10k+', 0.07337167820486926)
BF16-gam_R1_001	(1.0, 14.24882981138566)	(2.0, 7.310128654509203)	(3.0, 4.19166061243747)	(4.0, 2.5540319632290145)	(5.0, 1.8218703848621527)	(6.0, 1.3003632511610692)	(7.0, 1.0289709982123643)	(8.0, 0.8342407977071707)	(9.0, 0.7604613562333679)	('>10', 9.186251003323852)	('>50', 3.200303356938425)	('>100', 9.66245405213261)	('>500', 7.238841487434724)	('>1k', 23.855971320492657)	('>5k', 7.151269391718334)	('>10k+', 5.654351558222004)
BF16-gam_R2_001	(1.0, 14.072685346143048)	(2.0, 7.35205798026108)	(3.0, 4.169148719723841)	(4.0, 2.5515115813385467)	(5.0, 1.7720721622143867)	(6.0, 1.299105850611488)	(7.0, 1.0248975040795985)	(8.0, 0.8595657880760709)	(9.0, 0.7389478902585211)	('>10', 9.014437242702924)	('>50', 3.238877407239058)	('>100', 9.764295121146132)	('>500', 7.232500647912597)	('>1k', 23.724999074635544)	('>5k', 6.94824626212913)	('>10k+', 6.236651421527997)
BF5-S5_R1_001	(1.0, 22.295693805511924)	(2.0, 12.647172488748065)	(3.0, 8.041126205842861)	(4.0, 5.262648726364985)	(5.0, 3.5815632998777187)	(6.0, 2.5701045439840584)	(7.0, 2.0272206398284034)	(8.0, 1.5699853995017683)	(9.0, 1.3876661911586265)	('>10', 16.622516971804647)	('>50', 6.030078203839363)	('>100', 12.045324028910601)	('>500', 3.437381683786352)	('>1k', 2.347676792406775)	('>5k', 0.13384101843386007)	('>10k+', 0.0)
BF5-S5_R2_001	(1.0, 22.46081804467361)	(2.0, 12.413487885344157)	(3.0, 7.841623939807729)	(4.0, 4.949717572742302)	(5.0, 3.4020838147947923)	(6.0, 2.594618769314615)	(7.0, 2.0033327903565255)	(8.0, 1.5897550226248367)	(9.0, 1.3454421091868105)	('>10', 16.615800202546787)	('>50', 5.8962683513010505)	('>100', 12.14889097551215)	('>500', 3.7021783245599043)	('>1k', 2.729557004455905)	('>5k', 0.22605403088109358)	('>10k+', 0.08037116189793646)
BF5-WYS_R1_001	(1.0, 25.38576677761657)	(2.0, 15.315592302416784)	(3.0, 9.77915935775919)	(4.0, 6.388891629612497)	(5.0, 4.16436712239825)	(6.0, 2.9576787755042777)	(7.0, 2.2161514823113055)	(8.0, 1.7534062149599208)	(9.0, 1.468027673669344)	('>10', 14.451158730236966)	('>50', 4.03155988384797)	('>100', 7.745585768847758)	('>500', 2.339117000386539)	('>1k', 1.821749926449988)	('>5k', 0.18178735398272788)	('>10k+', 0.0)
BF5-WYS_R2_001	(1.0, 26.642257271850962)	(2.0, 14.672908308970703)	(3.0, 9.338907551998478)	(4.0, 6.022345608485027)	(5.0, 4.1249247909423445)	(6.0, 2.953428229607657)	(7.0, 2.118425234252649)	(8.0, 1.7597538042963639)	(9.0, 1.3802551945998283)	('>10', 14.360498090960222)	('>50', 4.073515465367798)	('>100', 7.665855485601654)	('>500', 2.6304939109023913)	('>1k', 1.9517896312639944)	('>5k', 0.23760957397264676)	('>10k+', 0.06703184692733635)
BF5-gam_R1_001	(1.0, 18.492289498913106)	(2.0, 12.311504759163281)	(3.0, 8.693226320887874)	(4.0, 5.95352582849902)	(5.0, 4.089109935536393)	(6.0, 3.055732246803141)	(7.0, 2.180602116503792)	(8.0, 1.805749354271845)	(9.0, 1.4394833131591465)	('>10', 14.70148161283103)	('>50', 4.345148546818651)	('>100', 10.238817772627842)	('>500', 4.788204394290337)	('>1k', 6.853965456567844)	('>5k', 0.6605240403368243)	('>10k+', 0.3906348027899272)
BF5-gam_R2_001	(1.0, 19.131818699386834)	(2.0, 12.00593285391427)	(3.0, 8.377100011798829)	(4.0, 5.807034621544579)	(5.0, 4.038659230906208)	(6.0, 2.8223679909205743)	(7.0, 2.2065062174567527)	(8.0, 1.6541872091675156)	(9.0, 1.3897153863266762)	('>10', 14.794836216387585)	('>50', 4.210621884944913)	('>100', 9.919815512017324)	('>500', 5.119416828125754)	('>1k', 7.139030518722361)	('>5k', 0.8571821565062427)	('>10k+', 0.5257746618736098)
Cross-S5-1_R1_001	(1.0, 25.09472359031413)	(2.0, 14.724657547504904)	(3.0, 9.448574842579276)	(4.0, 6.066284181753799)	(5.0, 3.98568590235963)	(6.0, 2.876330608947376)	(7.0, 2.209616495853648)	(8.0, 1.666382484483639)	(9.0, 1.342660391043404)	('>10', 13.945197023268454)	('>50', 4.072310224115206)	('>100', 8.353171614614507)	('>500', 3.0096472675827033)	('>1k', 2.8835758009824404)	('>5k', 0.25850980935671564)	('>10k+', 0.06267221524017916)
Cross-S5-1_R2_001	(1.0, 26.53226255416658)	(2.0, 14.137797947016745)	(3.0, 8.982443628992726)	(4.0, 5.7469224999938024)	(5.0, 3.911359849586254)	(6.0, 2.7973079770955422)	(7.0, 2.0981919556378426)	(8.0, 1.6661876073179835)	(9.0, 1.278048536593481)	('>10', 13.95135113709998)	('>50', 3.916498543548668)	('>100', 8.274723437244393)	('>500', 3.2514413506615893)	('>1k', 3.0111391663408327)	('>5k', 0.29793563326149225)	('>10k+', 0.14638817544186694)
Cross-S5-2_R1_001	(1.0, 25.30422542861755)	(2.0, 15.260138144474771)	(3.0, 9.828627271731529)	(4.0, 6.429697194316339)	(5.0, 4.441667394750288)	(6.0, 3.1543035087993894)	(7.0, 2.363778212726525)	(8.0, 1.8149515610453213)	(9.0, 1.455005618314436)	('>10', 15.427195581789524)	('>50', 4.124240980584529)	('>100', 7.149361024529988)	('>500', 1.8079133902831765)	('>1k', 1.3732571003514304)	('>5k', 0.06563758768527195)	('>10k+', 0.0)
Cross-S5-2_R2_001	(1.0, 26.005279265554236)	(2.0, 14.560860768382474)	(3.0, 9.445465957225396)	(4.0, 6.234180922941755)	(5.0, 4.15146283149482)	(6.0, 3.007840608603294)	(7.0, 2.294903423808016)	(8.0, 1.7546171788275249)	(9.0, 1.486789231900203)	('>10', 15.263152408119835)	('>50', 4.217770390380643)	('>100', 7.559591542191512)	('>500', 2.1880537516116427)	('>1k', 1.5981066287630135)	('>5k', 0.16291647301390164)	('>10k+', 0.06900861718160171)
Cross-S5-3_R1_001	(1.0, 22.263899892534983)	(2.0, 12.821239042523224)	(3.0, 8.022745123122316)	(4.0, 5.147728836398421)	(5.0, 3.5039568574291664)	(6.0, 2.457091687428954)	(7.0, 1.871946188234437)	(8.0, 1.4305404882719635)	(9.0, 1.189473479215)	('>10', 12.414107324122455)	('>50', 3.9967921288971886)	('>100', 10.601652176114703)	('>500', 5.562350969543312)	('>1k', 7.653705666456578)	('>5k', 0.6336397143545928)	('>10k+', 0.4291304253526351)
Cross-S5-3_R2_001	(1.0, 22.900297303011932)	(2.0, 12.440379434441102)	(3.0, 7.879437155645339)	(4.0, 5.0544330006048295)	(5.0, 3.3562668245531233)	(6.0, 2.441418518635)	(7.0, 1.8310761231117993)	(8.0, 1.4288199090285407)	(9.0, 1.1750665422834379)	('>10', 12.263888552749183)	('>50', 3.7308123938903544)	('>100', 10.352471856864183)	('>500', 5.71080047144056)	('>1k', 7.96597262141158)	('>5k', 0.8766597310435947)	('>10k+', 0.5921995612853632)
Cross-WYS-1_R1_001	(1.0, 25.193494076517958)	(2.0, 15.25298947550835)	(3.0, 10.061069955203592)	(4.0, 6.642682198353664)	(5.0, 4.460709974936406)	(6.0, 3.1929533735989377)	(7.0, 2.3772044482885026)	(8.0, 1.78974541739886)	(9.0, 1.3834145490875482)	('>10', 12.983097318827472)	('>50', 3.187183498403095)	('>100', 7.178223517073397)	('>500', 2.9261444906719096)	('>1k', 2.9868421463908637)	('>5k', 0.31002428687408906)	('>10k+', 0.0742212728652764)
Cross-WYS-1_R2_001	(1.0, 25.962869984218067)	(2.0, 14.846515143369402)	(3.0, 9.805003374003384)	(4.0, 6.49611935456594)	(5.0, 4.362801426350119)	(6.0, 3.1503460501606484)	(7.0, 2.323207336298162)	(8.0, 1.8197758784016458)	(9.0, 1.423394443057375)	('>10', 12.78073500113496)	('>50', 3.102820031014585)	('>100', 7.208144304567372)	('>500', 3.173570306527624)	('>1k', 3.0706506198861683)	('>5k', 0.3030298449589331)	('>10k+', 0.1710169014856344)
Cross-WYS-2_R1_001	(1.0, 27.337190275099875)	(2.0, 15.75659743738501)	(3.0, 9.949566760915934)	(4.0, 6.443908704189946)	(5.0, 4.286760514212857)	(6.0, 3.068859118366219)	(7.0, 2.3483954294579803)	(8.0, 1.8188972062941173)	(9.0, 1.4926048630433346)	('>10', 14.16546018648476)	('>50', 3.2755739835919147)	('>100', 6.317656229290897)	('>500', 1.9544214689439978)	('>1k', 1.6079596672591048)	('>5k', 0.176148155464025)	('>10k+', 0.0)
Cross-WYS-2_R2_001	(1.0, 27.335734864440887)	(2.0, 15.3391182985221)	(3.0, 9.678482111718397)	(4.0, 6.266698593133348)	(5.0, 4.380531714522521)	(6.0, 3.0651161687137507)	(7.0, 2.2504563080365028)	(8.0, 1.8160281558885247)	(9.0, 1.452010112449571)	('>10', 14.442152476233957)	('>50', 3.341609724928349)	('>100', 6.483381119756388)	('>500', 2.0513409233984574)	('>1k', 1.8355432950131285)	('>5k', 0.19485459540265188)	('>10k+', 0.06694153784150757)
Cross-WYS-3_R1_001	(1.0, 25.65607476777261)	(2.0, 15.570280031341287)	(3.0, 10.043061091686448)	(4.0, 6.6150703378385005)	(5.0, 4.483099793591308)	(6.0, 3.206395731169657)	(7.0, 2.3559825930062557)	(8.0, 1.8017089196783582)	(9.0, 1.4154484415448845)	('>10', 13.184635108267493)	('>50', 3.1168015014460932)	('>100', 6.443454585444508)	('>500', 2.659695749815698)	('>1k', 3.014691271775665)	('>5k', 0.3626769373882674)	('>10k+', 0.07092313823295097)
Cross-WYS-3_R2_001	(1.0, 26.241212748491233)	(2.0, 15.12918257310206)	(3.0, 9.96614740648952)	(4.0, 6.477830895813446)	(5.0, 4.427717574039848)	(6.0, 3.2218609063203543)	(7.0, 2.2962454172455895)	(8.0, 1.7717821748972047)	(9.0, 1.4168776395008815)	('>10', 13.208172785376465)	('>50', 2.9509026999488834)	('>100', 6.383434491400389)	('>500', 2.8315660804855254)	('>1k', 3.215125737591293)	('>5k', 0.30384643094226793)	('>10k+', 0.15809443835505427)
Cross-gam-1_R1_001	(1.0, 25.654840469897522)	(2.0, 15.220855253875637)	(3.0, 9.297421883893046)	(4.0, 5.936897437071146)	(5.0, 4.0386555021995525)	(6.0, 2.72132401021199)	(7.0, 2.0410190475056194)	(8.0, 1.5955486928431046)	(9.0, 1.270291734520017)	('>10', 12.323397447142375)	('>50', 3.558000947782215)	('>100', 8.730816899650781)	('>500', 3.9176442274578407)	('>1k', 3.291091587746285)	('>5k', 0.3185978470106092)	('>10k+', 0.08359701119216202)
Cross-gam-1_R2_001	(1.0, 26.387140406261533)	(2.0, 14.604620284045788)	(3.0, 9.042878412151003)	(4.0, 5.873006388048987)	(5.0, 3.928246957360014)	(6.0, 2.6968447257489343)	(7.0, 1.9897232711057886)	(8.0, 1.54060548847598)	(9.0, 1.1922623858810428)	('>10', 12.237906712036)	('>50', 3.4600844672654985)	('>100', 8.989108113350678)	('>500', 3.91218031955955)	('>1k', 3.560340714086362)	('>5k', 0.3906741664281169)	('>10k+', 0.19437718819468627)
Cross-gam-2_R1_001	(1.0, 25.104815395991903)	(2.0, 14.723869708456247)	(3.0, 9.597682939195414)	(4.0, 6.135047328837639)	(5.0, 4.227711694039105)	(6.0, 3.0137633513202258)	(7.0, 2.418031778281483)	(8.0, 1.795717846161247)	(9.0, 1.5118291608343661)	('>10', 16.306026673748285)	('>50', 4.777311007798094)	('>100', 7.610714910410015)	('>500', 1.760433511538461)	('>1k', 0.985306635712296)	('>5k', 0.031738057675091656)	('>10k+', 0.0)
Cross-gam-2_R2_001	(1.0, 25.505166026720953)	(2.0, 14.32177309950881)	(3.0, 9.333797178022929)	(4.0, 6.013860281397186)	(5.0, 4.163995822101384)	(6.0, 2.9202657782311667)	(7.0, 2.247056522005442)	(8.0, 1.754829605087782)	(9.0, 1.4641502646145745)	('>10', 16.334596723931973)	('>50', 4.783667356577644)	('>100', 7.934178357946274)	('>500', 1.7820377869604547)	('>1k', 1.2755068990217044)	('>5k', 0.16511829787172833)	('>10k+', 0.0)
Cross-gam-3_R1_001	(1.0, 27.677714520345802)	(2.0, 15.93229762255734)	(3.0, 9.840930349537533)	(4.0, 6.42928538286652)	(5.0, 4.273963266587284)	(6.0, 3.0909257936373136)	(7.0, 2.3346681689672546)	(8.0, 1.7617449055565744)	(9.0, 1.4462247889567923)	('>10', 15.389880446493997)	('>50', 4.124092352736212)	('>100', 5.959561783480801)	('>500', 1.0919947461185928)	('>1k', 0.6467158721580506)	('>5k', 0.0)	('>10k+', 0.0)
Cross-gam-3_R2_001	(1.0, 28.605019875874248)	(2.0, 15.424656420698527)	(3.0, 9.514272388409415)	(4.0, 6.114514708545045)	(5.0, 4.186753468500483)	(6.0, 2.9583598366669603)	(7.0, 2.2016133886929294)	(8.0, 1.7137792380002383)	(9.0, 1.387274809909779)	('>10', 15.285076054595322)	('>50', 4.325941546390668)	('>100', 6.203276231066111)	('>500', 1.1601566937642587)	('>1k', 0.8817420375612587)	('>5k', 0.03756330132487182)	('>10k+', 0.0)
RESUB-WT-WYS-4_R1_001	(1.0, 26.206447182689907)	(2.0, 16.289742953329785)	(3.0, 10.67957568519529)	(4.0, 7.285645607313114)	(5.0, 4.865513271265664)	(6.0, 3.471849101794712)	(7.0, 2.557185780909105)	(8.0, 2.0197305970016433)	(9.0, 1.6709706205560633)	('>10', 15.099465807174447)	('>50', 3.582408316200584)	('>100', 4.801191242242689)	('>500', 0.9313282191215118)	('>1k', 0.5058582154306389)	('>5k', 0.03308739977485835)	('>10k+', 0.0)
RESUB-WT-WYS-4_R2_001	(1.0, 26.82038918130681)	(2.0, 15.681445583443477)	(3.0, 10.427043927948224)	(4.0, 6.9093119996305505)	(5.0, 4.880621649915843)	(6.0, 3.406642591373839)	(7.0, 2.557999344305486)	(8.0, 1.944772014795747)	(9.0, 1.6233283490094657)	('>10', 15.213598807778531)	('>50', 3.618130592918245)	('>100', 5.162693605620353)	('>500', 1.0682935263235307)	('>1k', 0.6085896933534354)	('>5k', 0.07713913227654307)	('>10k+', 0.0)
RNAi-S5-1_R1_001	(1.0, 17.95417159412975)	(2.0, 12.201016853897867)	(3.0, 9.157454069150184)	(4.0, 6.461676379106036)	(5.0, 4.672860291081804)	(6.0, 3.4182427542973723)	(7.0, 2.627300362134627)	(8.0, 2.1757589753632134)	(9.0, 1.7270738532163032)	('>10', 19.800772214893094)	('>50', 6.071386833592654)	('>100', 9.927655691437474)	('>500', 2.1132787276691336)	('>1k', 1.6371446932448075)	('>5k', 0.05420670678569537)	('>10k+', 0.0)
RNAi-S5-1_R2_001	(1.0, 19.356231709495365)	(2.0, 11.53946194781792)	(3.0, 8.332276367985946)	(4.0, 5.878003258326102)	(5.0, 4.414686296650596)	(6.0, 3.287698121061785)	(7.0, 2.5018906394032756)	(8.0, 1.9828019674670097)	(9.0, 1.6503132781056609)	('>10', 19.066648044634967)	('>50', 6.361742841319494)	('>100', 10.509620196563594)	('>500', 2.47373594367095)	('>1k', 2.4429015988523304)	('>5k', 0.12725277485954772)	('>10k+', 0.07473501378553167)
RNAi-S5-2_R1_001	(1.0, 21.63973613180375)	(2.0, 13.386784500637127)	(3.0, 8.858784763488089)	(4.0, 6.035865066408182)	(5.0, 4.157913671118877)	(6.0, 2.958146373935463)	(7.0, 2.115754178500065)	(8.0, 1.737344343193363)	(9.0, 1.3935897577413319)	('>10', 13.39703522451681)	('>50', 4.070243798165085)	('>100', 9.3630341332758)	('>500', 4.11092688089343)	('>1k', 5.601125080014619)	('>5k', 0.7250246095719771)	('>10k+', 0.44869148673593146)
RNAi-S5-2_R2_001	(1.0, 21.917909868165523)	(2.0, 12.928883839796784)	(3.0, 8.718817634421104)	(4.0, 5.861903956470253)	(5.0, 4.004672288471207)	(6.0, 2.9285306207391386)	(7.0, 2.1830329071759564)	(8.0, 1.6999086967204047)	(9.0, 1.4347449862336996)	('>10', 13.270340993801383)	('>50', 3.8347424057893744)	('>100', 9.323478700338345)	('>500', 4.347384389764583)	('>1k', 5.918148672333667)	('>5k', 0.8751965582723312)	('>10k+', 0.7523034815061702)
RNAi-S5-3_R1_001	(1.0, 18.615686133924708)	(2.0, 11.636141912151817)	(3.0, 7.766343218108232)	(4.0, 5.292756445195918)	(5.0, 3.7895989881021586)	(6.0, 2.6153758079057705)	(7.0, 2.010288723862897)	(8.0, 1.5390472882862236)	(9.0, 1.2847281680922142)	('>10', 14.544004146340114)	('>50', 4.823428717839313)	('>100', 11.398123494157906)	('>500', 5.116769785241263)	('>1k', 7.976494444288047)	('>5k', 1.004666510516337)	('>10k+', 0.5865462159872636)
RNAi-S5-3_R2_001	(1.0, 18.78238903291373)	(2.0, 11.29489153511619)	(3.0, 7.575509750959735)	(4.0, 5.067179816097676)	(5.0, 3.449687010382125)	(6.0, 2.541578423100409)	(7.0, 1.903249045879097)	(8.0, 1.5425126202590531)	(9.0, 1.2917999258406736)	('>10', 14.287022390257018)	('>50', 4.835381177653044)	('>100', 11.206804600654538)	('>500', 5.554821774496953)	('>1k', 8.745226983579672)	('>5k', 0.9590700739149441)	('>10k+', 0.9628758388950365)
RNAi-WYS-1_R1_001	(1.0, 25.741169650367546)	(2.0, 15.12629158845003)	(3.0, 9.658098015172953)	(4.0, 6.126529282503414)	(5.0, 4.208895839502508)	(6.0, 2.8369837553210853)	(7.0, 2.1193948993704512)	(8.0, 1.684100786197815)	(9.0, 1.3322634370571933)	('>10', 12.898933424471453)	('>50', 3.254553853474064)	('>100', 7.10437482246315)	('>500', 3.2444647287357755)	('>1k', 4.042478153259401)	('>5k', 0.4649097451315205)	('>10k+', 0.15655801852172865)
RNAi-WYS-1_R2_001	(1.0, 26.545038559426086)	(2.0, 14.78458125210623)	(3.0, 9.193121912338228)	(4.0, 6.0058626804559365)	(5.0, 3.9854360733593537)	(6.0, 2.925303654705124)	(7.0, 2.1031409502036422)	(8.0, 1.6422544414275708)	(9.0, 1.2922402330335339)	('>10', 12.961444920102247)	('>50', 3.1811545876163687)	('>100', 7.254787265384143)	('>500', 3.227992560537949)	('>1k', 4.16607831600279)	('>5k', 0.3381093181462344)	('>10k+', 0.3934532751546982)
RNAi-WYS-2_R1_001	(1.0, 25.522548191345496)	(2.0, 14.955416338283042)	(3.0, 9.420455369772112)	(4.0, 6.09611303711074)	(5.0, 3.8950922482549397)	(6.0, 2.799695734847394)	(7.0, 1.952077161119915)	(8.0, 1.5485767299700133)	(9.0, 1.2300054237765556)	('>10', 10.905785835559833)	('>50', 2.7816856048476835)	('>100', 7.299230290541295)	('>500', 4.065952144066568)	('>1k', 6.471841430105299)	('>5k', 0.5391817269731627)	('>10k+', 0.5163427334259555)
RNAi-WYS-2_R2_001	(1.0, 26.644023870057648)	(2.0, 14.64581176005108)	(3.0, 8.991303764257488)	(4.0, 5.8021528862802425)	(5.0, 3.937222021218982)	(6.0, 2.7082431274115972)	(7.0, 2.0149563314263257)	(8.0, 1.5147582648875668)	(9.0, 1.2546719267212483)	('>10', 10.863428322910071)	('>50', 2.635246442578625)	('>100', 7.166223617614646)	('>500', 3.989380219739991)	('>1k', 6.459630237868906)	('>5k', 0.8059892657344504)	('>10k+', 0.5669579412411335)
RNAi-WYS-3_R1_001	(1.0, 21.982168201591985)	(2.0, 13.959189696230826)	(3.0, 9.541196592064438)	(4.0, 6.456610740897221)	(5.0, 4.322981861385072)	(6.0, 3.301516221347836)	(7.0, 2.4136370436986816)	(8.0, 1.9957898295273084)	(9.0, 1.5489543947682178)	('>10', 13.96921145950126)	('>50', 3.409921792430237)	('>100', 7.437681053345522)	('>500', 3.6292995668930863)	('>1k', 5.33268065137512)	('>5k', 0.47999659161845193)	('>10k+', 0.21916430332469092)
RNAi-WYS-3_R2_001	(1.0, 22.073972998392048)	(2.0, 13.528664438773152)	(3.0, 9.307587541265951)	(4.0, 6.342717646183493)	(5.0, 4.474110266034878)	(6.0, 3.2447244194926133)	(7.0, 2.366601130879466)	(8.0, 1.9367246623089707)	(9.0, 1.5185005687928967)	('>10', 14.015360930221323)	('>50', 3.399888449847925)	('>100', 7.370317719862407)	('>500', 3.9386913141591178)	('>1k', 5.530283507572109)	('>5k', 0.523065997880886)	('>10k+', 0.42878840833304127)
RNAi-gam-1_R1_001	(1.0, 27.893913435858913)	(2.0, 16.85087872238412)	(3.0, 10.625354679602845)	(4.0, 6.820488643904361)	(5.0, 4.447636175806164)	(6.0, 3.012161973724764)	(7.0, 2.124921611761048)	(8.0, 1.6622747650952778)	(9.0, 1.2713974627565996)	('>10', 10.106925015186448)	('>50', 2.211864845523593)	('>100', 5.765539266059215)	('>500', 2.9304662809187434)	('>1k', 3.680524493459827)	('>5k', 0.42420698638346566)	('>10k+', 0.17144564157453912)
RNAi-gam-1_R2_001	(1.0, 28.64590126394707)	(2.0, 16.318178659689327)	(3.0, 10.609044035335545)	(4.0, 6.523720486725117)	(5.0, 4.442390454426435)	(6.0, 2.86679748282156)	(7.0, 2.1819171090395955)	(8.0, 1.6386985441171085)	(9.0, 1.2652204497658914)	('>10', 10.169023042646767)	('>50', 2.155629464633483)	('>100', 5.661824142047657)	('>500', 3.05966442163219)	('>1k', 3.776839153595937)	('>5k', 0.4631893656973122)	('>10k+', 0.22196192387894864)
RNAi-gam-2_R1_001	(1.0, 24.750065473455894)	(2.0, 14.557520277522219)	(3.0, 8.854563310946174)	(4.0, 5.5380969609148885)	(5.0, 3.5111603437796366)	(6.0, 2.420536539323203)	(7.0, 1.7251296852647189)	(8.0, 1.3563434712471039)	(9.0, 1.0415537736437441)	('>10', 9.311851501662582)	('>50', 2.547832084304967)	('>100', 7.7230205187198075)	('>500', 4.818312572769486)	('>1k', 9.383333515072616)	('>5k', 1.441331929975936)	('>10k+', 1.019348041397076)
RNAi-gam-2_R2_001	(1.0, 25.997117676832627)	(2.0, 14.13423205941723)	(3.0, 8.73897742663828)	(4.0, 5.352774927262039)	(5.0, 3.5240585508616604)	(6.0, 2.349102881936429)	(7.0, 1.7505950447480993)	(8.0, 1.3066950006610707)	(9.0, 1.044408176093228)	('>10', 9.170474678416374)	('>50', 2.441219761295946)	('>100', 7.429045737406952)	('>500', 4.93890819356662)	('>1k', 9.215053300803374)	('>5k', 1.3650063491151487)	('>10k+', 1.242330234944965)
RNAi-gam-3_R1_001	(1.0, 29.59083051180999)	(2.0, 17.466923952740444)	(3.0, 11.216533985687832)	(4.0, 7.2189270980239915)	(5.0, 4.911019037874235)	(6.0, 3.4519969670349315)	(7.0, 2.5761761318974794)	(8.0, 1.9167986311325487)	(9.0, 1.5553731794664933)	('>10', 12.992444482444188)	('>50', 2.6602512818343254)	('>100', 3.5188593117461324)	('>500', 0.6067497711669311)	('>1k', 0.317115657140529)	('>5k', 0.0)	('>10k+', 0.0)
RNAi-gam-3_R2_001	(1.0, 30.288254664354902)	(2.0, 17.13012600931922)	(3.0, 10.952295998901821)	(4.0, 7.087944825971566)	(5.0, 4.782682963493416)	(6.0, 3.216585318892109)	(7.0, 2.4394934068079195)	(8.0, 1.9348904009004222)	(9.0, 1.5544839918444466)	('>10', 13.260747512069452)	('>50', 2.675597000719241)	('>100', 3.585308518939549)	('>500', 0.6083768665409538)	('>1k', 0.4403305999323209)	('>5k', 0.04288192131283607)	('>10k+', 0.0)
WT-S5-1_R1_001	(1.0, 24.39909534020544)	(2.0, 14.581340857440647)	(3.0, 9.310419812314235)	(4.0, 6.154571391044052)	(5.0, 4.070727146941051)	(6.0, 2.9607220802682543)	(7.0, 2.258565757137155)	(8.0, 1.7642540208292004)	(9.0, 1.5343063059576878)	('>10', 17.014174925087826)	('>50', 5.013250289074439)	('>100', 8.188167011112618)	('>500', 1.793954313075293)	('>1k', 0.9564507495121506)	('>5k', 0.0)	('>10k+', 0.0)
WT-S5-1_R2_001	(1.0, 25.012345010257697)	(2.0, 13.805561544305542)	(3.0, 8.905897373706908)	(4.0, 5.952016076527435)	(5.0, 4.05144856924466)	(6.0, 2.9718568274101536)	(7.0, 2.2092756200005503)	(8.0, 1.7882000471933401)	(9.0, 1.5377073065696074)	('>10', 16.600963041258915)	('>50', 5.283514105099061)	('>100', 8.475103524516483)	('>500', 1.9950221300722812)	('>1k', 1.3756275615351088)	('>5k', 0.035461262302148)	('>10k+', 0.0)
WT-S5-2_R1_001	(1.0, 20.569526173374015)	(2.0, 13.578404278724884)	(3.0, 9.142494121078522)	(4.0, 6.478096019961359)	(5.0, 4.631206552329849)	(6.0, 3.3549877161952892)	(7.0, 2.569754807024955)	(8.0, 1.9209984806114997)	(9.0, 1.5740856571234665)	('>10', 17.277900124292465)	('>50', 5.529690143285762)	('>100', 9.348096598473434)	('>500', 2.35985042554598)	('>1k', 1.6344666489894668)	('>5k', 0.030442252989139953)	('>10k+', 0.0)
WT-S5-2_R2_001	(1.0, 21.528566780470513)	(2.0, 12.940897196875484)	(3.0, 8.96102510728472)	(4.0, 6.204445360821461)	(5.0, 4.353756482862484)	(6.0, 3.174297685523579)	(7.0, 2.3448915048805095)	(8.0, 1.8989304384871248)	(9.0, 1.5633692604521103)	('>10', 17.011634698458433)	('>50', 5.366804856097918)	('>100', 9.914873488980248)	('>500', 2.606856567271528)	('>1k', 1.9389588394351176)	('>5k', 0.1906917320986255)	('>10k+', 0.0)
WT-S5-3_R1_001	(1.0, 22.861618665151003)	(2.0, 13.630618624736538)	(3.0, 8.595426130746779)	(4.0, 5.708456395734067)	(5.0, 3.966378836857143)	(6.0, 2.8497563582178906)	(7.0, 2.0692511560285833)	(8.0, 1.7323212410628275)	(9.0, 1.3646093800013173)	('>10', 15.399148295911264)	('>50', 4.939839340093619)	('>100', 9.76590892065311)	('>500', 3.406303333624198)	('>1k', 3.310976177922017)	('>5k', 0.33159638624167104)	('>10k+', 0.06779075701780943)
WT-S5-3_R2_001	(1.0, 22.658875736323328)	(2.0, 12.991950105678344)	(3.0, 8.36066599049669)	(4.0, 5.43561169253111)	(5.0, 3.8384194380564263)	(6.0, 2.6829619319676015)	(7.0, 2.097523213299173)	(8.0, 1.6517930286929396)	(9.0, 1.396338507984364)	('>10', 15.265022623232404)	('>50', 4.951004268762138)	('>100', 10.342913825677448)	('>500', 3.678980792968344)	('>1k', 4.066734810090806)	('>5k', 0.4077811963320939)	('>10k+', 0.173422837906677)
WT-WYS-2_R1_001	(1.0, 30.207179034138633)	(2.0, 17.73083512631065)	(3.0, 11.511735535158387)	(4.0, 7.2292808811318405)	(5.0, 4.804641057550289)	(6.0, 3.3806572108682484)	(7.0, 2.530986602864491)	(8.0, 1.9357591038316004)	(9.0, 1.5417482299349055)	('>10', 14.042277221488439)	('>50', 2.6394455173923257)	('>100', 2.2075247743928124)	('>500', 0.17934295481604434)	('>1k', 0.0585867501213788)	('>5k', 0.0)	('>10k+', 0.0)
WT-WYS-2_R2_001	(1.0, 30.57059331195418)	(2.0, 17.078817341990074)	(3.0, 11.141321423231709)	(4.0, 7.126406198547289)	(5.0, 4.645670393821989)	(6.0, 3.3752481025539205)	(7.0, 2.4248280287466226)	(8.0, 1.8915844851423003)	(9.0, 1.5930403261111992)	('>10', 14.510684954815249)	('>50', 2.738054061729177)	('>100', 2.4933905427629006)	('>500', 0.268094214344309)	('>1k', 0.10655427359295712)	('>5k', 0.03571234065611059)	('>10k+', 0.0)
WT-WYS-3_R1_001	(1.0, 28.6936085601211)	(2.0, 17.355780302092167)	(3.0, 11.231164776829324)	(4.0, 7.01426730702132)	(5.0, 4.742598835845467)	(6.0, 3.4054768065990357)	(7.0, 2.4955082104184707)	(8.0, 1.976440841133209)	(9.0, 1.6391782624917737)	('>10', 15.240165899346522)	('>50', 3.020237181774502)	('>100', 2.8244374124786287)	('>500', 0.26503155295515796)	('>1k', 0.09610405089318978)	('>5k', 0.0)	('>10k+', 0.0)
WT-WYS-3_R2_001	(1.0, 28.87530907199412)	(2.0, 16.729644586811215)	(3.0, 10.874302675984511)	(4.0, 6.990688765630939)	(5.0, 4.6148162837355216)	(6.0, 3.3244318877477927)	(7.0, 2.475884785056859)	(8.0, 1.9937998011460154)	(9.0, 1.575703465337643)	('>10', 15.710895807548708)	('>50', 3.241524921129001)	('>100', 3.0819945851360364)	('>500', 0.3487643690004974)	('>1k', 0.16223899374120032)	('>5k', 0.0)	('>10k+', 0.0)
WT-male-gam-1_R1_001	(1.0, 30.013134692500504)	(2.0, 17.55154151040896)	(3.0, 11.216941491415206)	(4.0, 7.310226802629799)	(5.0, 4.888199786901608)	(6.0, 3.2868075933823113)	(7.0, 2.5923405435764315)	(8.0, 2.0000157904042686)	(9.0, 1.6393384790502536)	('>10', 13.139493076367629)	('>50', 2.6368312312037903)	('>100', 3.0533390842529826)	('>500', 0.4349318630472636)	('>1k', 0.23685805485898861)	('>5k', 0.0)	('>10k+', 0.0)
WT-male-gam-1_R2_001	(1.0, 30.120399413027734)	(2.0, 17.129178699994103)	(3.0, 11.193079841414713)	(4.0, 7.06111290786026)	(5.0, 4.904058277030797)	(6.0, 3.4589006584635853)	(7.0, 2.5106985316183597)	(8.0, 1.9303292115952702)	(9.0, 1.5554909879119052)	('>10', 13.383061080712682)	('>50', 2.6880712971239387)	('>100', 3.2241739734143424)	('>500', 0.5214913115618431)	('>1k', 0.3199538082704203)	('>5k', 0.0)	('>10k+', 0.0)
WT-male-gam-2_R1_001	(1.0, 29.216783112873536)	(2.0, 17.37861530351367)	(3.0, 11.420302802678425)	(4.0, 7.392708145469001)	(5.0, 4.896442920743828)	(6.0, 3.4433679838133306)	(7.0, 2.459291403387186)	(8.0, 2.0564035976524204)	(9.0, 1.5890876948561863)	('>10', 13.278203436012435)	('>50', 2.6426212663363224)	('>100', 3.351521726368345)	('>500', 0.5628571218517253)	('>1k', 0.3117934844437744)	('>5k', 0.0)	('>10k+', 0.0)
WT-male-gam-2_R2_001	(1.0, 29.64144479222516)	(2.0, 17.21291575676085)	(3.0, 11.043618164896296)	(4.0, 7.111134552346979)	(5.0, 4.990714175447525)	(6.0, 3.4184698989519964)	(7.0, 2.4177154248155435)	(8.0, 2.0129734826378343)	(9.0, 1.5115582807609358)	('>10', 13.276906578662217)	('>50', 2.719994418660718)	('>100', 3.5530558384110273)	('>500', 0.6299248463003224)	('>1k', 0.4212613739852678)	('>5k', 0.03831241513722486)	('>10k+', 0.0)
WT-male-gam-3_R1_001	(1.0, 27.92572821229946)	(2.0, 17.363560708928468)	(3.0, 11.589861057640316)	(4.0, 7.642403520969114)	(5.0, 5.021240747909774)	(6.0, 3.659966687898676)	(7.0, 2.655058281020364)	(8.0, 2.0428570400416906)	(9.0, 1.6254703882034225)	('>10', 13.591906379323204)	('>50', 2.620209725026748)	('>100', 3.3953796937571967)	('>500', 0.5644397060001978)	('>1k', 0.3019178509812067)	('>5k', 0.0)	('>10k+', 0.0)
WT-male-gam-3_R2_001	(1.0, 27.926625499645613)	(2.0, 16.441375918494007)	(3.0, 11.123563768124505)	(4.0, 7.5620629284396985)	(5.0, 5.1716499881888405)	(6.0, 3.528024999085995)	(7.0, 2.6041018506844402)	(8.0, 2.1338456807038804)	(9.0, 1.6551646855998643)	('>10', 13.98885274776751)	('>50', 2.833350491814951)	('>100', 3.8477728850402397)	('>500', 0.7040350266103749)	('>1k', 0.4456603331261158)	('>5k', 0.03391319667387707)	('>10k+', 0.0)
WT-mature-herm-1_R1_001	(1.0, 17.89401882828067)	(2.0, 8.05593617414972)	(3.0, 4.400110807409414)	(4.0, 2.714820284415756)	(5.0, 1.9380023282329726)	(6.0, 1.4669623081058618)	(7.0, 1.1960292526204586)	(8.0, 0.9826888541207915)	(9.0, 0.8550487530311575)	('>10', 10.380809728818909)	('>50', 3.679523894362956)	('>100', 9.92640460634564)	('>500', 6.773437966080298)	('>1k', 20.669993919152386)	('>5k', 5.562068846905541)	('>10k+', 3.504143447967425)
WT-mature-herm-1_R2_001	(1.0, 17.7110025026668)	(2.0, 8.208425335184605)	(3.0, 4.354153925193046)	(4.0, 2.6716951488121414)	(5.0, 1.9306239116145176)	(6.0, 1.4164903994639533)	(7.0, 1.1781676236707517)	(8.0, 0.9766875175970521)	(9.0, 0.8306480196260695)	('>10', 10.290244625056884)	('>50', 3.5747911700609065)	('>100', 10.066811748558179)	('>500', 6.837364141197716)	('>1k', 20.380106192836713)	('>5k', 5.2890883538418025)	('>10k+', 4.283699384618827)
WT-mature-herm-2_R1_001	(1.0, 20.37568863550526)	(2.0, 11.578102002105545)	(3.0, 7.2341773780158185)	(4.0, 4.587450771105008)	(5.0, 3.1267643316775278)	(6.0, 2.1814506794253967)	(7.0, 1.6847779680246822)	(8.0, 1.2581058126975864)	(9.0, 1.0680500746920778)	('>10', 11.223266400572998)	('>50', 3.537492526963694)	('>100', 10.871818101993975)	('>500', 6.758755673009658)	('>1k', 11.87066648940396)	('>5k', 1.5354231980854969)	('>10k+', 1.108009956721352)
WT-mature-herm-2_R2_001	(1.0, 21.30049495010879)	(2.0, 11.39602196345068)	(3.0, 7.155823225900463)	(4.0, 4.429302541662472)	(5.0, 3.024805994311929)	(6.0, 2.179443990164175)	(7.0, 1.5872070262205507)	(8.0, 1.2787757154193562)	(9.0, 1.0549343367179065)	('>10', 11.182587968033651)	('>50', 3.502862546670012)	('>100', 10.348037221033234)	('>500', 6.466228171114896)	('>1k', 12.143267466682273)	('>5k', 1.6314745073996857)	('>10k+', 1.3187323751100175)
WT-mature-herm-3_R1_001	(1.0, 15.667131079924475)	(2.0, 6.702508703409105)	(3.0, 3.6603354879668233)	(4.0, 2.2892193713368245)	(5.0, 1.645669222332619)	(6.0, 1.3004449895196797)	(7.0, 1.0140533118817079)	(8.0, 0.8454824171408967)	(9.0, 0.7205314271045338)	('>10', 9.829522511297357)	('>50', 3.7249246379545187)	('>100', 9.623555238162467)	('>500', 6.505233611767043)	('>1k', 22.338956765301194)	('>5k', 8.270605656225797)	('>10k+', 5.8618255686750675)
WT-mature-herm-3_R2_001	(1.0, 15.690233893348601)	(2.0, 6.662833769566237)	(3.0, 3.6201588243754697)	(4.0, 2.2200932020203483)	(5.0, 1.6608267771340546)	(6.0, 1.26310777520555)	(7.0, 1.020685609618575)	(8.0, 0.8553359548464103)	(9.0, 0.7044742321149364)	('>10', 9.687398865629925)	('>50', 3.6423747331438348)	('>100', 9.655006947678908)	('>500', 6.4975363546312765)	('>1k', 21.85019439290831)	('>5k', 8.407606323374432)	('>10k+', 6.562132344403121)
