Sample	0	1	2	3	4	5	6	7	8	9	10	11	12	13	14	15	16	17	18	19	20	21	22	23	24	25	26	27	28
BA12-S5_R1_001	(13.0, 1.0)	(14.0, 8.0)	(15.0, 41.0)	(16.0, 109.0)	(17.0, 286.0)	(18.0, 711.0)	(19.0, 1031.0)	(20.0, 1450.0)	(21.0, 2020.0)	(22.0, 3360.0)	(23.0, 6190.0)	(24.0, 11689.0)	(25.0, 21754.0)	(26.0, 38596.0)	(27.0, 63144.0)	(28.0, 95472.0)	(29.0, 134914.0)	(30.0, 180473.0)	(31.0, 237955.0)	(32.0, 346424.0)	(33.0, 505367.0)	(34.0, 772337.0)	(35.0, 1953549.0)	(36.0, 16526938.0)	(37.0, 1500876.0)				
BA12-S5_R2_001	(11.0, 21.0)	(12.0, 359.0)	(13.0, 1211.0)	(14.0, 1600.0)	(15.0, 1692.0)	(16.0, 2144.0)	(17.0, 3025.0)	(18.0, 4538.0)	(19.0, 7393.0)	(20.0, 11410.0)	(21.0, 17357.0)	(22.0, 25154.0)	(23.0, 35235.0)	(24.0, 47044.0)	(25.0, 61672.0)	(26.0, 79706.0)	(27.0, 103719.0)	(28.0, 136105.0)	(29.0, 181185.0)	(30.0, 245827.0)	(31.0, 345842.0)	(32.0, 519430.0)	(33.0, 861537.0)	(34.0, 1752756.0)	(35.0, 5059346.0)	(36.0, 12579542.0)	(37.0, 319845.0)		
BA12-WYS_R1_001	(14.0, 10.0)	(15.0, 34.0)	(16.0, 107.0)	(17.0, 326.0)	(18.0, 820.0)	(19.0, 1265.0)	(20.0, 1681.0)	(21.0, 2329.0)	(22.0, 3697.0)	(23.0, 6837.0)	(24.0, 12473.0)	(25.0, 23659.0)	(26.0, 42716.0)	(27.0, 72507.0)	(28.0, 115093.0)	(29.0, 165336.0)	(30.0, 223781.0)	(31.0, 294029.0)	(32.0, 388741.0)	(33.0, 550624.0)	(34.0, 951316.0)	(35.0, 2596209.0)	(36.0, 21167813.0)	(37.0, 1677233.0)					
BA12-WYS_R2_001	(11.0, 35.0)	(12.0, 490.0)	(13.0, 1448.0)	(14.0, 1953.0)	(15.0, 2135.0)	(16.0, 2693.0)	(17.0, 4128.0)	(18.0, 6157.0)	(19.0, 9620.0)	(20.0, 14761.0)	(21.0, 21674.0)	(22.0, 31860.0)	(23.0, 44739.0)	(24.0, 59963.0)	(25.0, 79518.0)	(26.0, 104456.0)	(27.0, 136680.0)	(28.0, 179883.0)	(29.0, 240232.0)	(30.0, 326677.0)	(31.0, 463961.0)	(32.0, 699079.0)	(33.0, 1169113.0)	(34.0, 2379606.0)	(35.0, 6693802.0)	(36.0, 15265135.0)	(37.0, 358838.0)		
BA12-gam_R1_001	(14.0, 10.0)	(15.0, 35.0)	(16.0, 154.0)	(17.0, 435.0)	(18.0, 1117.0)	(19.0, 1754.0)	(20.0, 2119.0)	(21.0, 2749.0)	(22.0, 4128.0)	(23.0, 6733.0)	(24.0, 12688.0)	(25.0, 23361.0)	(26.0, 41184.0)	(27.0, 68722.0)	(28.0, 105358.0)	(29.0, 150889.0)	(30.0, 202063.0)	(31.0, 272294.0)	(32.0, 430135.0)	(33.0, 542163.0)	(34.0, 878440.0)	(35.0, 2288812.0)	(36.0, 18063833.0)	(37.0, 1398780.0)					
BA12-gam_R2_001	(11.0, 35.0)	(12.0, 400.0)	(13.0, 1484.0)	(14.0, 1865.0)	(15.0, 1976.0)	(16.0, 2583.0)	(17.0, 3771.0)	(18.0, 5768.0)	(19.0, 8779.0)	(20.0, 13569.0)	(21.0, 20415.0)	(22.0, 29666.0)	(23.0, 42016.0)	(24.0, 56777.0)	(25.0, 74499.0)	(26.0, 97974.0)	(27.0, 127108.0)	(28.0, 164969.0)	(29.0, 219487.0)	(30.0, 297986.0)	(31.0, 422091.0)	(32.0, 642258.0)	(33.0, 1082957.0)	(34.0, 2235448.0)	(35.0, 6208185.0)	(36.0, 12485309.0)	(37.0, 250581.0)		
BA14-S5_R1_001	(13.0, 1.0)	(14.0, 7.0)	(15.0, 64.0)	(16.0, 144.0)	(17.0, 317.0)	(18.0, 720.0)	(19.0, 1152.0)	(20.0, 1528.0)	(21.0, 2155.0)	(22.0, 3767.0)	(23.0, 6982.0)	(24.0, 13209.0)	(25.0, 24942.0)	(26.0, 45044.0)	(27.0, 75800.0)	(28.0, 116535.0)	(29.0, 168594.0)	(30.0, 226671.0)	(31.0, 297220.0)	(32.0, 399396.0)	(33.0, 598663.0)	(34.0, 1004769.0)	(35.0, 2602733.0)	(36.0, 21224658.0)	(37.0, 1823233.0)				
BA14-S5_R2_001	(11.0, 40.0)	(12.0, 491.0)	(13.0, 1656.0)	(14.0, 2216.0)	(15.0, 2300.0)	(16.0, 2783.0)	(17.0, 3933.0)	(18.0, 6062.0)	(19.0, 10216.0)	(20.0, 16297.0)	(21.0, 24053.0)	(22.0, 34366.0)	(23.0, 47125.0)	(24.0, 61930.0)	(25.0, 79998.0)	(26.0, 103895.0)	(27.0, 134252.0)	(28.0, 176043.0)	(29.0, 234641.0)	(30.0, 315882.0)	(31.0, 443917.0)	(32.0, 661951.0)	(33.0, 1093355.0)	(34.0, 2199278.0)	(35.0, 6311908.0)	(36.0, 16233355.0)	(37.0, 436361.0)		
BA14-WYS_R1_001	(14.0, 11.0)	(15.0, 50.0)	(16.0, 137.0)	(17.0, 325.0)	(18.0, 904.0)	(19.0, 1256.0)	(20.0, 1678.0)	(21.0, 2248.0)	(22.0, 3479.0)	(23.0, 5996.0)	(24.0, 11171.0)	(25.0, 20798.0)	(26.0, 36657.0)	(27.0, 60658.0)	(28.0, 94657.0)	(29.0, 137904.0)	(30.0, 186103.0)	(31.0, 246330.0)	(32.0, 329696.0)	(33.0, 476085.0)	(34.0, 834932.0)	(35.0, 2259436.0)	(36.0, 17153688.0)	(37.0, 1265529.0)					
BA14-WYS_R2_001	(11.0, 31.0)	(12.0, 309.0)	(13.0, 1122.0)	(14.0, 1587.0)	(15.0, 1751.0)	(16.0, 2360.0)	(17.0, 3482.0)	(18.0, 5361.0)	(19.0, 8713.0)	(20.0, 13493.0)	(21.0, 20196.0)	(22.0, 28767.0)	(23.0, 39452.0)	(24.0, 52143.0)	(25.0, 67572.0)	(26.0, 88294.0)	(27.0, 114990.0)	(28.0, 151557.0)	(29.0, 201850.0)	(30.0, 272874.0)	(31.0, 387062.0)	(32.0, 582835.0)	(33.0, 961692.0)	(34.0, 1904781.0)	(35.0, 5262963.0)	(36.0, 12640144.0)	(37.0, 314347.0)		
BA14-gam_R1_001	(14.0, 7.0)	(15.0, 41.0)	(16.0, 126.0)	(17.0, 392.0)	(18.0, 983.0)	(19.0, 1452.0)	(20.0, 1740.0)	(21.0, 2421.0)	(22.0, 4016.0)	(23.0, 7002.0)	(24.0, 13700.0)	(25.0, 25384.0)	(26.0, 44447.0)	(27.0, 73495.0)	(28.0, 113021.0)	(29.0, 160609.0)	(30.0, 216308.0)	(31.0, 282950.0)	(32.0, 375000.0)	(33.0, 531205.0)	(34.0, 922638.0)	(35.0, 2536797.0)	(36.0, 19822402.0)	(37.0, 1594580.0)					
BA14-gam_R2_001	(11.0, 37.0)	(12.0, 359.0)	(13.0, 1249.0)	(14.0, 1760.0)	(15.0, 1911.0)	(16.0, 2231.0)	(17.0, 3239.0)	(18.0, 4886.0)	(19.0, 7715.0)	(20.0, 12017.0)	(21.0, 18064.0)	(22.0, 26456.0)	(23.0, 36514.0)	(24.0, 49231.0)	(25.0, 64410.0)	(26.0, 84023.0)	(27.0, 111594.0)	(28.0, 147868.0)	(29.0, 198770.0)	(30.0, 270314.0)	(31.0, 385002.0)	(32.0, 584417.0)	(33.0, 987004.0)	(34.0, 2058180.0)	(35.0, 6101541.0)	(36.0, 15191862.0)	(37.0, 380062.0)		
BA19-S5_R1_001	(14.0, 11.0)	(15.0, 54.0)	(16.0, 139.0)	(17.0, 368.0)	(18.0, 964.0)	(19.0, 1511.0)	(20.0, 1951.0)	(21.0, 2791.0)	(22.0, 4247.0)	(23.0, 7583.0)	(24.0, 14092.0)	(25.0, 26466.0)	(26.0, 47209.0)	(27.0, 78462.0)	(28.0, 120377.0)	(29.0, 170813.0)	(30.0, 229311.0)	(31.0, 298692.0)	(32.0, 395880.0)	(33.0, 561499.0)	(34.0, 970775.0)	(35.0, 2664766.0)	(36.0, 21397028.0)	(37.0, 1702062.0)					
BA19-S5_R2_001	(11.0, 31.0)	(12.0, 355.0)	(13.0, 1226.0)	(14.0, 1707.0)	(15.0, 1968.0)	(16.0, 2655.0)	(17.0, 3894.0)	(18.0, 6122.0)	(19.0, 9516.0)	(20.0, 14854.0)	(21.0, 22056.0)	(22.0, 32046.0)	(23.0, 45249.0)	(24.0, 61274.0)	(25.0, 80881.0)	(26.0, 104938.0)	(27.0, 137480.0)	(28.0, 179773.0)	(29.0, 241171.0)	(30.0, 325158.0)	(31.0, 459136.0)	(32.0, 686390.0)	(33.0, 1127367.0)	(34.0, 2219661.0)	(35.0, 6166667.0)	(36.0, 16303700.0)	(37.0, 461776.0)		
BA19-WYS_R1_001	(14.0, 5.0)	(15.0, 23.0)	(16.0, 93.0)	(17.0, 200.0)	(18.0, 503.0)	(19.0, 810.0)	(20.0, 1171.0)	(21.0, 1929.0)	(22.0, 3158.0)	(23.0, 6131.0)	(24.0, 11870.0)	(25.0, 22198.0)	(26.0, 39507.0)	(27.0, 64862.0)	(28.0, 99254.0)	(29.0, 141069.0)	(30.0, 189059.0)	(31.0, 246343.0)	(32.0, 325871.0)	(33.0, 465567.0)	(34.0, 819289.0)	(35.0, 2154370.0)	(36.0, 17170925.0)	(37.0, 1364322.0)					
BA19-WYS_R2_001	(11.0, 19.0)	(12.0, 342.0)	(13.0, 1136.0)	(14.0, 1514.0)	(15.0, 1527.0)	(16.0, 1990.0)	(17.0, 2783.0)	(18.0, 4327.0)	(19.0, 6658.0)	(20.0, 10157.0)	(21.0, 15280.0)	(22.0, 22390.0)	(23.0, 32380.0)	(24.0, 43495.0)	(25.0, 57202.0)	(26.0, 75775.0)	(27.0, 100522.0)	(28.0, 131822.0)	(29.0, 178118.0)	(30.0, 244003.0)	(31.0, 347641.0)	(32.0, 530444.0)	(33.0, 902431.0)	(34.0, 1893078.0)	(35.0, 5532700.0)	(36.0, 12699239.0)	(37.0, 291556.0)		
BA19-gam_R1_001	(16.0, 3.0)	(17.0, 122.0)	(18.0, 1296.0)	(19.0, 5512.0)	(20.0, 13150.0)	(21.0, 19607.0)	(22.0, 23356.0)	(23.0, 24453.0)	(24.0, 28458.0)	(25.0, 32517.0)	(26.0, 39283.0)	(27.0, 45436.0)	(28.0, 57197.0)	(29.0, 69780.0)	(30.0, 96776.0)	(31.0, 133766.0)	(32.0, 177510.0)	(33.0, 224560.0)	(34.0, 234894.0)	(35.0, 334742.0)	(36.0, 587972.0)	(37.0, 1077730.0)	(38.0, 2847231.0)	(39.0, 16130298.0)	(40.0, 5578115.0)				
BA19-gam_R2_001	(12.0, 1.0)	(13.0, 5.0)	(14.0, 89.0)	(15.0, 769.0)	(16.0, 4980.0)	(17.0, 17846.0)	(18.0, 39403.0)	(19.0, 53897.0)	(20.0, 62825.0)	(21.0, 62507.0)	(22.0, 60027.0)	(23.0, 57221.0)	(24.0, 60723.0)	(25.0, 63310.0)	(26.0, 69917.0)	(27.0, 74441.0)	(28.0, 84314.0)	(29.0, 92980.0)	(30.0, 110834.0)	(31.0, 129650.0)	(32.0, 166034.0)	(33.0, 211216.0)	(34.0, 300488.0)	(35.0, 435939.0)	(36.0, 740709.0)	(37.0, 1315327.0)	(38.0, 3190310.0)	(39.0, 14937864.0)	(40.0, 5440138.0)
BD5-S5_R1_001	(14.0, 11.0)	(15.0, 39.0)	(16.0, 87.0)	(17.0, 281.0)	(18.0, 640.0)	(19.0, 935.0)	(20.0, 1255.0)	(21.0, 1825.0)	(22.0, 3036.0)	(23.0, 5410.0)	(24.0, 10115.0)	(25.0, 18713.0)	(26.0, 32741.0)	(27.0, 53918.0)	(28.0, 82026.0)	(29.0, 115889.0)	(30.0, 153865.0)	(31.0, 200322.0)	(32.0, 262282.0)	(33.0, 367604.0)	(34.0, 632598.0)	(35.0, 1653424.0)	(36.0, 14352990.0)	(37.0, 1384352.0)					
BD5-S5_R2_001	(11.0, 25.0)	(12.0, 249.0)	(13.0, 838.0)	(14.0, 1160.0)	(15.0, 1270.0)	(16.0, 1548.0)	(17.0, 2230.0)	(18.0, 3222.0)	(19.0, 4720.0)	(20.0, 7469.0)	(21.0, 11050.0)	(22.0, 16031.0)	(23.0, 22308.0)	(24.0, 29728.0)	(25.0, 39264.0)	(26.0, 51953.0)	(27.0, 69455.0)	(28.0, 91569.0)	(29.0, 123980.0)	(30.0, 169236.0)	(31.0, 241198.0)	(32.0, 366497.0)	(33.0, 617214.0)	(34.0, 1281675.0)	(35.0, 3906825.0)	(36.0, 11886586.0)	(37.0, 387058.0)		
BD5-WYS_R1_001	(13.0, 2.0)	(14.0, 13.0)	(15.0, 50.0)	(16.0, 113.0)	(17.0, 264.0)	(18.0, 577.0)	(19.0, 915.0)	(20.0, 1351.0)	(21.0, 2024.0)	(22.0, 3500.0)	(23.0, 6347.0)	(24.0, 12132.0)	(25.0, 22605.0)	(26.0, 39864.0)	(27.0, 65179.0)	(28.0, 99349.0)	(29.0, 141839.0)	(30.0, 187600.0)	(31.0, 244997.0)	(32.0, 330526.0)	(33.0, 506698.0)	(34.0, 789347.0)	(35.0, 1943820.0)	(36.0, 17162367.0)	(37.0, 1677711.0)				
BD5-WYS_R2_001	(11.0, 24.0)	(12.0, 271.0)	(13.0, 946.0)	(14.0, 1323.0)	(15.0, 1530.0)	(16.0, 2077.0)	(17.0, 2902.0)	(18.0, 4375.0)	(19.0, 6912.0)	(20.0, 10311.0)	(21.0, 15171.0)	(22.0, 22599.0)	(23.0, 31762.0)	(24.0, 42559.0)	(25.0, 56163.0)	(26.0, 73663.0)	(27.0, 96692.0)	(28.0, 127971.0)	(29.0, 171457.0)	(30.0, 233428.0)	(31.0, 329888.0)	(32.0, 496587.0)	(33.0, 834820.0)	(34.0, 1734688.0)	(35.0, 5195803.0)	(36.0, 13385973.0)	(37.0, 359295.0)		
BD5-gam_R1_001	(16.0, 4.0)	(17.0, 161.0)	(18.0, 1689.0)	(19.0, 6909.0)	(20.0, 15406.0)	(21.0, 22296.0)	(22.0, 26176.0)	(23.0, 27533.0)	(24.0, 31343.0)	(25.0, 35593.0)	(26.0, 42933.0)	(27.0, 50385.0)	(28.0, 63898.0)	(29.0, 79438.0)	(30.0, 107507.0)	(31.0, 153818.0)	(32.0, 199617.0)	(33.0, 246566.0)	(34.0, 274167.0)	(35.0, 355430.0)	(36.0, 608616.0)	(37.0, 1113205.0)	(38.0, 3001375.0)	(39.0, 17329457.0)	(40.0, 5547363.0)				
BD5-gam_R2_001	(13.0, 5.0)	(14.0, 96.0)	(15.0, 967.0)	(16.0, 6132.0)	(17.0, 21760.0)	(18.0, 46105.0)	(19.0, 62524.0)	(20.0, 70970.0)	(21.0, 69019.0)	(22.0, 65695.0)	(23.0, 61523.0)	(24.0, 65020.0)	(25.0, 67564.0)	(26.0, 75136.0)	(27.0, 81093.0)	(28.0, 92278.0)	(29.0, 102003.0)	(30.0, 123609.0)	(31.0, 145853.0)	(32.0, 186305.0)	(33.0, 232190.0)	(34.0, 324800.0)	(35.0, 467369.0)	(36.0, 788038.0)	(37.0, 1373463.0)	(38.0, 3309223.0)	(39.0, 15893836.0)	(40.0, 5608309.0)	
BF16-S5_R1_001	(16.0, 1.0)	(17.0, 114.0)	(18.0, 1279.0)	(19.0, 5502.0)	(20.0, 13457.0)	(21.0, 20195.0)	(22.0, 24011.0)	(23.0, 25736.0)	(24.0, 29225.0)	(25.0, 33992.0)	(26.0, 41095.0)	(27.0, 48106.0)	(28.0, 60102.0)	(29.0, 71342.0)	(30.0, 95315.0)	(31.0, 126509.0)	(32.0, 164476.0)	(33.0, 216515.0)	(34.0, 254804.0)	(35.0, 365962.0)	(36.0, 640451.0)	(37.0, 1185348.0)	(38.0, 3172470.0)	(39.0, 18859789.0)	(40.0, 6642152.0)				
BF16-S5_R2_001	(13.0, 8.0)	(14.0, 110.0)	(15.0, 878.0)	(16.0, 5421.0)	(17.0, 18423.0)	(18.0, 39440.0)	(19.0, 54051.0)	(20.0, 63330.0)	(21.0, 62364.0)	(22.0, 60741.0)	(23.0, 57572.0)	(24.0, 62100.0)	(25.0, 65877.0)	(26.0, 74599.0)	(27.0, 79778.0)	(28.0, 90908.0)	(29.0, 101339.0)	(30.0, 120154.0)	(31.0, 139243.0)	(32.0, 175021.0)	(33.0, 219928.0)	(34.0, 311746.0)	(35.0, 456720.0)	(36.0, 784550.0)	(37.0, 1423162.0)	(38.0, 3549575.0)	(39.0, 17341490.0)	(40.0, 6739420.0)	
BF16-WYS_R1_001	(13.0, 1.0)	(14.0, 13.0)	(15.0, 48.0)	(16.0, 135.0)	(17.0, 314.0)	(18.0, 736.0)	(19.0, 1084.0)	(20.0, 1555.0)	(21.0, 2333.0)	(22.0, 3779.0)	(23.0, 6874.0)	(24.0, 13050.0)	(25.0, 24331.0)	(26.0, 41092.0)	(27.0, 68122.0)	(28.0, 102581.0)	(29.0, 145399.0)	(30.0, 194527.0)	(31.0, 252900.0)	(32.0, 331289.0)	(33.0, 466333.0)	(34.0, 796555.0)	(35.0, 2115760.0)	(36.0, 18140200.0)	(37.0, 1645345.0)				
BF16-WYS_R2_001	(11.0, 31.0)	(12.0, 331.0)	(13.0, 1167.0)	(14.0, 1610.0)	(15.0, 1859.0)	(16.0, 2264.0)	(17.0, 3150.0)	(18.0, 4628.0)	(19.0, 7004.0)	(20.0, 10759.0)	(21.0, 16156.0)	(22.0, 23484.0)	(23.0, 32973.0)	(24.0, 44048.0)	(25.0, 57400.0)	(26.0, 74569.0)	(27.0, 99167.0)	(28.0, 130441.0)	(29.0, 174282.0)	(30.0, 237233.0)	(31.0, 337398.0)	(32.0, 509189.0)	(33.0, 854591.0)	(34.0, 1746424.0)	(35.0, 5173911.0)	(36.0, 14395186.0)	(37.0, 415101.0)		
BF16-gam_R1_001	(16.0, 2.0)	(17.0, 97.0)	(18.0, 1110.0)	(19.0, 4601.0)	(20.0, 12191.0)	(21.0, 19290.0)	(22.0, 23959.0)	(23.0, 26326.0)	(24.0, 30489.0)	(25.0, 34971.0)	(26.0, 42724.0)	(27.0, 51432.0)	(28.0, 69678.0)	(29.0, 89255.0)	(30.0, 129647.0)	(31.0, 183173.0)	(32.0, 244571.0)	(33.0, 272597.0)	(34.0, 248801.0)	(35.0, 345496.0)	(36.0, 609663.0)	(37.0, 1130875.0)	(38.0, 3086791.0)	(39.0, 18038426.0)	(40.0, 5943465.0)				
BF16-gam_R2_001	(13.0, 3.0)	(14.0, 97.0)	(15.0, 685.0)	(16.0, 4596.0)	(17.0, 16842.0)	(18.0, 37247.0)	(19.0, 51826.0)	(20.0, 60829.0)	(21.0, 60299.0)	(22.0, 59781.0)	(23.0, 57264.0)	(24.0, 60930.0)	(25.0, 64569.0)	(26.0, 72425.0)	(27.0, 78847.0)	(28.0, 90041.0)	(29.0, 100784.0)	(30.0, 121657.0)	(31.0, 144356.0)	(32.0, 185549.0)	(33.0, 234653.0)	(34.0, 335701.0)	(35.0, 494378.0)	(36.0, 852229.0)	(37.0, 1534239.0)	(38.0, 3684475.0)	(39.0, 16754505.0)	(40.0, 5480823.0)	
BF5-S5_R1_001	(14.0, 4.0)	(15.0, 26.0)	(16.0, 98.0)	(17.0, 231.0)	(18.0, 514.0)	(19.0, 777.0)	(20.0, 1077.0)	(21.0, 1662.0)	(22.0, 3246.0)	(23.0, 5952.0)	(24.0, 11703.0)	(25.0, 21804.0)	(26.0, 36643.0)	(27.0, 57793.0)	(28.0, 87074.0)	(29.0, 122977.0)	(30.0, 163838.0)	(31.0, 213226.0)	(32.0, 286576.0)	(33.0, 438627.0)	(34.0, 709824.0)	(35.0, 1740007.0)	(36.0, 15151830.0)	(37.0, 1476356.0)					
BF5-S5_R2_001	(11.0, 29.0)	(12.0, 256.0)	(13.0, 830.0)	(14.0, 1239.0)	(15.0, 1292.0)	(16.0, 1600.0)	(17.0, 2167.0)	(18.0, 3127.0)	(19.0, 5031.0)	(20.0, 7817.0)	(21.0, 11990.0)	(22.0, 17923.0)	(23.0, 25833.0)	(24.0, 34584.0)	(25.0, 44288.0)	(26.0, 57989.0)	(27.0, 76057.0)	(28.0, 100448.0)	(29.0, 135059.0)	(30.0, 184386.0)	(31.0, 262703.0)	(32.0, 397301.0)	(33.0, 674145.0)	(34.0, 1407391.0)	(35.0, 4313065.0)	(36.0, 12399236.0)	(37.0, 366079.0)		
BF5-WYS_R1_001	(13.0, 1.0)	(14.0, 12.0)	(15.0, 49.0)	(16.0, 154.0)	(17.0, 514.0)	(18.0, 1255.0)	(19.0, 1807.0)	(20.0, 2174.0)	(21.0, 2776.0)	(22.0, 4379.0)	(23.0, 7469.0)	(24.0, 13605.0)	(25.0, 24528.0)	(26.0, 41384.0)	(27.0, 66086.0)	(28.0, 100671.0)	(29.0, 142237.0)	(30.0, 190142.0)	(31.0, 248070.0)	(32.0, 324598.0)	(33.0, 455419.0)	(34.0, 777032.0)	(35.0, 2056636.0)	(36.0, 17776441.0)	(37.0, 1610256.0)				
BF5-WYS_R2_001	(11.0, 28.0)	(12.0, 420.0)	(13.0, 1193.0)	(14.0, 1699.0)	(15.0, 2136.0)	(16.0, 2724.0)	(17.0, 4119.0)	(18.0, 6519.0)	(19.0, 10245.0)	(20.0, 15590.0)	(21.0, 22608.0)	(22.0, 32280.0)	(23.0, 44649.0)	(24.0, 58980.0)	(25.0, 75478.0)	(26.0, 95657.0)	(27.0, 124253.0)	(28.0, 161074.0)	(29.0, 212945.0)	(30.0, 286952.0)	(31.0, 404225.0)	(32.0, 605340.0)	(33.0, 1004918.0)	(34.0, 2027124.0)	(35.0, 5675819.0)	(36.0, 12682496.0)	(37.0, 288224.0)		
BF5-gam_R1_001	(13.0, 3.0)	(14.0, 10.0)	(15.0, 47.0)	(16.0, 138.0)	(17.0, 324.0)	(18.0, 746.0)	(19.0, 1168.0)	(20.0, 1565.0)	(21.0, 2358.0)	(22.0, 4062.0)	(23.0, 7285.0)	(24.0, 14097.0)	(25.0, 26053.0)	(26.0, 45038.0)	(27.0, 74202.0)	(28.0, 112427.0)	(29.0, 158766.0)	(30.0, 211946.0)	(31.0, 274210.0)	(32.0, 357197.0)	(33.0, 505567.0)	(34.0, 870383.0)	(35.0, 2203312.0)	(36.0, 19572330.0)	(37.0, 1914583.0)				
BF5-gam_R2_001	(11.0, 33.0)	(12.0, 318.0)	(13.0, 1349.0)	(14.0, 1776.0)	(15.0, 1997.0)	(16.0, 2386.0)	(17.0, 3335.0)	(18.0, 5116.0)	(19.0, 7896.0)	(20.0, 12347.0)	(21.0, 18477.0)	(22.0, 26107.0)	(23.0, 36311.0)	(24.0, 47844.0)	(25.0, 62136.0)	(26.0, 80936.0)	(27.0, 107301.0)	(28.0, 140770.0)	(29.0, 188427.0)	(30.0, 254047.0)	(31.0, 358999.0)	(32.0, 541411.0)	(33.0, 912628.0)	(34.0, 1911985.0)	(35.0, 5814380.0)	(36.0, 15402490.0)	(37.0, 417015.0)		
Cross-S5-1_R1_001	(14.0, 6.0)	(15.0, 46.0)	(16.0, 143.0)	(17.0, 431.0)	(18.0, 856.0)	(19.0, 1341.0)	(20.0, 1728.0)	(21.0, 2493.0)	(22.0, 4111.0)	(23.0, 7145.0)	(24.0, 13298.0)	(25.0, 24622.0)	(26.0, 43189.0)	(27.0, 72963.0)	(28.0, 111932.0)	(29.0, 160434.0)	(30.0, 215047.0)	(31.0, 290499.0)	(32.0, 470249.0)	(33.0, 573107.0)	(34.0, 913594.0)	(35.0, 2299247.0)	(36.0, 19358014.0)	(37.0, 1679678.0)					
Cross-S5-1_R2_001	(11.0, 51.0)	(12.0, 433.0)	(13.0, 1413.0)	(14.0, 2054.0)	(15.0, 2145.0)	(16.0, 2721.0)	(17.0, 4161.0)	(18.0, 6203.0)	(19.0, 9386.0)	(20.0, 14451.0)	(21.0, 21158.0)	(22.0, 30930.0)	(23.0, 44060.0)	(24.0, 60134.0)	(25.0, 79241.0)	(26.0, 102340.0)	(27.0, 134395.0)	(28.0, 175067.0)	(29.0, 232200.0)	(30.0, 313829.0)	(31.0, 444574.0)	(32.0, 676457.0)	(33.0, 1152255.0)	(34.0, 2392560.0)	(35.0, 6704423.0)	(36.0, 13378310.0)	(37.0, 259222.0)		
Cross-S5-2_R1_001	(13.0, 1.0)	(14.0, 14.0)	(15.0, 48.0)	(16.0, 161.0)	(17.0, 480.0)	(18.0, 997.0)	(19.0, 1370.0)	(20.0, 1850.0)	(21.0, 2512.0)	(22.0, 3918.0)	(23.0, 6818.0)	(24.0, 12218.0)	(25.0, 22702.0)	(26.0, 40364.0)	(27.0, 68986.0)	(28.0, 108129.0)	(29.0, 156735.0)	(30.0, 212626.0)	(31.0, 280265.0)	(32.0, 369829.0)	(33.0, 521182.0)	(34.0, 892670.0)	(35.0, 2364195.0)	(36.0, 20437073.0)	(37.0, 1865733.0)				
Cross-S5-2_R2_001	(11.0, 35.0)	(12.0, 397.0)	(13.0, 1156.0)	(14.0, 1695.0)	(15.0, 2078.0)	(16.0, 2806.0)	(17.0, 4174.0)	(18.0, 6500.0)	(19.0, 10165.0)	(20.0, 15641.0)	(21.0, 22791.0)	(22.0, 33012.0)	(23.0, 45589.0)	(24.0, 61175.0)	(25.0, 80450.0)	(26.0, 105680.0)	(27.0, 137128.0)	(28.0, 179686.0)	(29.0, 237838.0)	(30.0, 322668.0)	(31.0, 457677.0)	(32.0, 690244.0)	(33.0, 1151928.0)	(34.0, 2324807.0)	(35.0, 6492746.0)	(36.0, 14641307.0)	(37.0, 341503.0)		
Cross-S5-3_R1_001	(12.0, 1.0)	(13.0, 0.0)	(14.0, 8.0)	(15.0, 31.0)	(16.0, 95.0)	(17.0, 277.0)	(18.0, 612.0)	(19.0, 995.0)	(20.0, 1279.0)	(21.0, 1932.0)	(22.0, 3502.0)	(23.0, 6604.0)	(24.0, 12710.0)	(25.0, 23335.0)	(26.0, 39559.0)	(27.0, 64861.0)	(28.0, 97966.0)	(29.0, 139199.0)	(30.0, 185545.0)	(31.0, 243059.0)	(32.0, 359512.0)	(33.0, 524468.0)	(34.0, 780030.0)	(35.0, 1929171.0)	(36.0, 16902888.0)	(37.0, 1640055.0)			
Cross-S5-3_R2_001	(11.0, 27.0)	(12.0, 260.0)	(13.0, 940.0)	(14.0, 1351.0)	(15.0, 1603.0)	(16.0, 1927.0)	(17.0, 2890.0)	(18.0, 4411.0)	(19.0, 6748.0)	(20.0, 10539.0)	(21.0, 15631.0)	(22.0, 23648.0)	(23.0, 33628.0)	(24.0, 45191.0)	(25.0, 59045.0)	(26.0, 77429.0)	(27.0, 101577.0)	(28.0, 133757.0)	(29.0, 178704.0)	(30.0, 241221.0)	(31.0, 343342.0)	(32.0, 520896.0)	(33.0, 879889.0)	(34.0, 1824029.0)	(35.0, 5329993.0)	(36.0, 12810122.0)	(37.0, 308896.0)		
Cross-WYS-1_R1_001	(14.0, 7.0)	(15.0, 38.0)	(16.0, 116.0)	(17.0, 382.0)	(18.0, 732.0)	(19.0, 1238.0)	(20.0, 1607.0)	(21.0, 2460.0)	(22.0, 4090.0)	(23.0, 7247.0)	(24.0, 13842.0)	(25.0, 25442.0)	(26.0, 43046.0)	(27.0, 69037.0)	(28.0, 103119.0)	(29.0, 146178.0)	(30.0, 193618.0)	(31.0, 251849.0)	(32.0, 328462.0)	(33.0, 458786.0)	(34.0, 787447.0)	(35.0, 2068648.0)	(36.0, 18060037.0)	(37.0, 1673427.0)					
Cross-WYS-1_R2_001	(11.0, 31.0)	(12.0, 321.0)	(13.0, 1159.0)	(14.0, 1499.0)	(15.0, 1725.0)	(16.0, 2228.0)	(17.0, 3193.0)	(18.0, 4906.0)	(19.0, 7591.0)	(20.0, 11488.0)	(21.0, 17372.0)	(22.0, 25580.0)	(23.0, 36449.0)	(24.0, 48795.0)	(25.0, 63208.0)	(26.0, 82959.0)	(27.0, 108329.0)	(28.0, 142168.0)	(29.0, 189717.0)	(30.0, 256443.0)	(31.0, 360892.0)	(32.0, 544449.0)	(33.0, 910608.0)	(34.0, 1868639.0)	(35.0, 5471289.0)	(36.0, 13734889.0)	(37.0, 344928.0)		
Cross-WYS-2_R1_001	(13.0, 1.0)	(14.0, 7.0)	(15.0, 39.0)	(16.0, 119.0)	(17.0, 287.0)	(18.0, 616.0)	(19.0, 900.0)	(20.0, 1403.0)	(21.0, 2208.0)	(22.0, 3657.0)	(23.0, 6761.0)	(24.0, 12744.0)	(25.0, 23123.0)	(26.0, 39376.0)	(27.0, 63904.0)	(28.0, 97423.0)	(29.0, 138712.0)	(30.0, 185284.0)	(31.0, 242945.0)	(32.0, 322381.0)	(33.0, 463736.0)	(34.0, 796429.0)	(35.0, 2065222.0)	(36.0, 17276882.0)	(37.0, 1458207.0)				
Cross-WYS-2_R2_001	(11.0, 17.0)	(12.0, 308.0)	(13.0, 1077.0)	(14.0, 1528.0)	(15.0, 1668.0)	(16.0, 2071.0)	(17.0, 2962.0)	(18.0, 4599.0)	(19.0, 7389.0)	(20.0, 11317.0)	(21.0, 17052.0)	(22.0, 24708.0)	(23.0, 34315.0)	(24.0, 45126.0)	(25.0, 58222.0)	(26.0, 74665.0)	(27.0, 98727.0)	(28.0, 129388.0)	(29.0, 173547.0)	(30.0, 235668.0)	(31.0, 333219.0)	(32.0, 504709.0)	(33.0, 837781.0)	(34.0, 1699583.0)	(35.0, 4955693.0)	(36.0, 13563187.0)	(37.0, 383840.0)		
Cross-WYS-3_R1_001	(13.0, 1.0)	(14.0, 8.0)	(15.0, 57.0)	(16.0, 125.0)	(17.0, 334.0)	(18.0, 777.0)	(19.0, 1145.0)	(20.0, 1630.0)	(21.0, 2276.0)	(22.0, 3857.0)	(23.0, 7134.0)	(24.0, 13169.0)	(25.0, 24411.0)	(26.0, 42226.0)	(27.0, 68258.0)	(28.0, 104861.0)	(29.0, 149255.0)	(30.0, 200434.0)	(31.0, 260161.0)	(32.0, 342005.0)	(33.0, 477120.0)	(34.0, 814404.0)	(35.0, 2155511.0)	(36.0, 18858460.0)	(37.0, 1750736.0)				
Cross-WYS-3_R2_001	(11.0, 23.0)	(12.0, 287.0)	(13.0, 1136.0)	(14.0, 1598.0)	(15.0, 1787.0)	(16.0, 2304.0)	(17.0, 3368.0)	(18.0, 5141.0)	(19.0, 7572.0)	(20.0, 11261.0)	(21.0, 17090.0)	(22.0, 25077.0)	(23.0, 36128.0)	(24.0, 48109.0)	(25.0, 62993.0)	(26.0, 81768.0)	(27.0, 109058.0)	(28.0, 144056.0)	(29.0, 192131.0)	(30.0, 261439.0)	(31.0, 371260.0)	(32.0, 560098.0)	(33.0, 935453.0)	(34.0, 1910710.0)	(35.0, 5566238.0)	(36.0, 14527936.0)	(37.0, 394334.0)		
Cross-gam-1_R1_001	(14.0, 11.0)	(15.0, 40.0)	(16.0, 122.0)	(17.0, 351.0)	(18.0, 849.0)	(19.0, 1323.0)	(20.0, 1683.0)	(21.0, 2368.0)	(22.0, 3701.0)	(23.0, 6576.0)	(24.0, 12230.0)	(25.0, 22308.0)	(26.0, 38582.0)	(27.0, 61546.0)	(28.0, 93632.0)	(29.0, 133376.0)	(30.0, 177066.0)	(31.0, 231523.0)	(32.0, 304637.0)	(33.0, 431135.0)	(34.0, 739217.0)	(35.0, 1965104.0)	(36.0, 16470047.0)	(37.0, 1441596.0)					
Cross-gam-1_R2_001	(11.0, 23.0)	(12.0, 239.0)	(13.0, 922.0)	(14.0, 1207.0)	(15.0, 1493.0)	(16.0, 2048.0)	(17.0, 3267.0)	(18.0, 5166.0)	(19.0, 8308.0)	(20.0, 12724.0)	(21.0, 18908.0)	(22.0, 27096.0)	(23.0, 38146.0)	(24.0, 50376.0)	(25.0, 64753.0)	(26.0, 83502.0)	(27.0, 107813.0)	(28.0, 141764.0)	(29.0, 188555.0)	(30.0, 254748.0)	(31.0, 362099.0)	(32.0, 545873.0)	(33.0, 907811.0)	(34.0, 1833444.0)	(35.0, 5153773.0)	(36.0, 12033486.0)	(37.0, 291479.0)		
Cross-gam-2_R1_001	(13.0, 2.0)	(14.0, 9.0)	(15.0, 30.0)	(16.0, 118.0)	(17.0, 330.0)	(18.0, 815.0)	(19.0, 1245.0)	(20.0, 1687.0)	(21.0, 2303.0)	(22.0, 3644.0)	(23.0, 6534.0)	(24.0, 12061.0)	(25.0, 22058.0)	(26.0, 38415.0)	(27.0, 62587.0)	(28.0, 95741.0)	(29.0, 135907.0)	(30.0, 180247.0)	(31.0, 235188.0)	(32.0, 308199.0)	(33.0, 437150.0)	(34.0, 759152.0)	(35.0, 1953629.0)	(36.0, 16814613.0)	(37.0, 1576533.0)				
Cross-gam-2_R2_001	(11.0, 19.0)	(12.0, 286.0)	(13.0, 965.0)	(14.0, 1312.0)	(15.0, 1532.0)	(16.0, 2021.0)	(17.0, 2922.0)	(18.0, 4660.0)	(19.0, 7364.0)	(20.0, 11164.0)	(21.0, 16618.0)	(22.0, 24108.0)	(23.0, 33756.0)	(24.0, 45014.0)	(25.0, 58168.0)	(26.0, 75996.0)	(27.0, 99689.0)	(28.0, 130610.0)	(29.0, 174656.0)	(30.0, 236823.0)	(31.0, 335330.0)	(32.0, 504918.0)	(33.0, 837197.0)	(34.0, 1699632.0)	(35.0, 4908356.0)	(36.0, 13060148.0)	(37.0, 374933.0)		
Cross-gam-3_R1_001	(14.0, 6.0)	(15.0, 46.0)	(16.0, 96.0)	(17.0, 286.0)	(18.0, 626.0)	(19.0, 948.0)	(20.0, 1320.0)	(21.0, 1869.0)	(22.0, 3075.0)	(23.0, 5411.0)	(24.0, 10198.0)	(25.0, 18691.0)	(26.0, 32467.0)	(27.0, 53284.0)	(28.0, 81640.0)	(29.0, 116708.0)	(30.0, 156292.0)	(31.0, 205404.0)	(32.0, 275897.0)	(33.0, 414395.0)	(34.0, 677422.0)	(35.0, 1736893.0)	(36.0, 14592871.0)	(37.0, 1314864.0)					
Cross-gam-3_R2_001	(11.0, 22.0)	(12.0, 297.0)	(13.0, 1027.0)	(14.0, 1301.0)	(15.0, 1479.0)	(16.0, 2182.0)	(17.0, 3356.0)	(18.0, 5259.0)	(19.0, 8531.0)	(20.0, 13352.0)	(21.0, 19700.0)	(22.0, 27937.0)	(23.0, 38453.0)	(24.0, 49834.0)	(25.0, 64765.0)	(26.0, 83152.0)	(27.0, 107515.0)	(28.0, 139108.0)	(29.0, 183747.0)	(30.0, 246972.0)	(31.0, 347079.0)	(32.0, 521461.0)	(33.0, 862254.0)	(34.0, 1717696.0)	(35.0, 4701862.0)	(36.0, 10322408.0)	(37.0, 229960.0)		
RESUB-WT-WYS-4_R1_001	(13.0, 2.0)	(14.0, 11.0)	(15.0, 33.0)	(16.0, 93.0)	(17.0, 271.0)	(18.0, 622.0)	(19.0, 981.0)	(20.0, 1278.0)	(21.0, 1857.0)	(22.0, 3249.0)	(23.0, 5744.0)	(24.0, 11245.0)	(25.0, 20778.0)	(26.0, 37364.0)	(27.0, 62686.0)	(28.0, 96871.0)	(29.0, 140461.0)	(30.0, 188971.0)	(31.0, 247327.0)	(32.0, 324962.0)	(33.0, 456664.0)	(34.0, 780377.0)	(35.0, 2110428.0)	(36.0, 18347967.0)	(37.0, 1615107.0)				
RESUB-WT-WYS-4_R2_001	(11.0, 28.0)	(12.0, 352.0)	(13.0, 1220.0)	(14.0, 1669.0)	(15.0, 1821.0)	(16.0, 2184.0)	(17.0, 3214.0)	(18.0, 4853.0)	(19.0, 7307.0)	(20.0, 11016.0)	(21.0, 16395.0)	(22.0, 23545.0)	(23.0, 33506.0)	(24.0, 45386.0)	(25.0, 60869.0)	(26.0, 80604.0)	(27.0, 107929.0)	(28.0, 142254.0)	(29.0, 192258.0)	(30.0, 260475.0)	(31.0, 368626.0)	(32.0, 554567.0)	(33.0, 914574.0)	(34.0, 1839578.0)	(35.0, 5267304.0)	(36.0, 14118017.0)	(37.0, 395798.0)		
RNAi-S5-1_R1_001	(14.0, 10.0)	(15.0, 40.0)	(16.0, 102.0)	(17.0, 264.0)	(18.0, 600.0)	(19.0, 918.0)	(20.0, 1295.0)	(21.0, 1916.0)	(22.0, 3272.0)	(23.0, 6154.0)	(24.0, 11166.0)	(25.0, 20831.0)	(26.0, 36105.0)	(27.0, 57841.0)	(28.0, 87254.0)	(29.0, 123206.0)	(30.0, 163137.0)	(31.0, 211606.0)	(32.0, 275659.0)	(33.0, 386175.0)	(34.0, 661783.0)	(35.0, 1694284.0)	(36.0, 15253176.0)	(37.0, 1563568.0)					
RNAi-S5-1_R2_001	(11.0, 29.0)	(12.0, 353.0)	(13.0, 1064.0)	(14.0, 1471.0)	(15.0, 1647.0)	(16.0, 2391.0)	(17.0, 3549.0)	(18.0, 5708.0)	(19.0, 8888.0)	(20.0, 13847.0)	(21.0, 20102.0)	(22.0, 28705.0)	(23.0, 40121.0)	(24.0, 53209.0)	(25.0, 67811.0)	(26.0, 86589.0)	(27.0, 111944.0)	(28.0, 144931.0)	(29.0, 190908.0)	(30.0, 255765.0)	(31.0, 360506.0)	(32.0, 545541.0)	(33.0, 921877.0)	(34.0, 1915301.0)	(35.0, 5348252.0)	(36.0, 10236623.0)	(37.0, 193230.0)		
RNAi-S5-2_R1_001	(14.0, 8.0)	(15.0, 23.0)	(16.0, 74.0)	(17.0, 232.0)	(18.0, 544.0)	(19.0, 792.0)	(20.0, 1131.0)	(21.0, 1905.0)	(22.0, 3219.0)	(23.0, 6336.0)	(24.0, 11933.0)	(25.0, 22645.0)	(26.0, 41160.0)	(27.0, 70056.0)	(28.0, 106525.0)	(29.0, 153221.0)	(30.0, 206576.0)	(31.0, 270992.0)	(32.0, 364458.0)	(33.0, 558602.0)	(34.0, 886198.0)	(35.0, 2247327.0)	(36.0, 19301957.0)	(37.0, 1786720.0)					
RNAi-S5-2_R2_001	(11.0, 25.0)	(12.0, 326.0)	(13.0, 1118.0)	(14.0, 1482.0)	(15.0, 1553.0)	(16.0, 2002.0)	(17.0, 3109.0)	(18.0, 4609.0)	(19.0, 7181.0)	(20.0, 11043.0)	(21.0, 16721.0)	(22.0, 24250.0)	(23.0, 34776.0)	(24.0, 48241.0)	(25.0, 64659.0)	(26.0, 86121.0)	(27.0, 114347.0)	(28.0, 150765.0)	(29.0, 202276.0)	(30.0, 275574.0)	(31.0, 390276.0)	(32.0, 583294.0)	(33.0, 973044.0)	(34.0, 1984171.0)	(35.0, 5746141.0)	(36.0, 14911367.0)	(37.0, 404163.0)		
RNAi-S5-3_R1_001	(14.0, 4.0)	(15.0, 19.0)	(16.0, 55.0)	(17.0, 182.0)	(18.0, 474.0)	(19.0, 700.0)	(20.0, 1016.0)	(21.0, 1577.0)	(22.0, 2728.0)	(23.0, 5308.0)	(24.0, 10376.0)	(25.0, 20161.0)	(26.0, 36905.0)	(27.0, 61353.0)	(28.0, 94892.0)	(29.0, 135615.0)	(30.0, 181446.0)	(31.0, 236237.0)	(32.0, 310589.0)	(33.0, 434794.0)	(34.0, 747770.0)	(35.0, 2025948.0)	(36.0, 17359733.0)	(37.0, 1534820.0)					
RNAi-S5-3_R2_001	(11.0, 13.0)	(12.0, 269.0)	(13.0, 942.0)	(14.0, 1230.0)	(15.0, 1282.0)	(16.0, 1520.0)	(17.0, 2271.0)	(18.0, 3317.0)	(19.0, 5208.0)	(20.0, 7848.0)	(21.0, 12091.0)	(22.0, 17573.0)	(23.0, 24624.0)	(24.0, 33637.0)	(25.0, 45654.0)	(26.0, 60782.0)	(27.0, 81593.0)	(28.0, 108480.0)	(29.0, 147565.0)	(30.0, 201830.0)	(31.0, 290264.0)	(32.0, 439820.0)	(33.0, 741343.0)	(34.0, 1540428.0)	(35.0, 4653472.0)	(36.0, 14311669.0)	(37.0, 467977.0)		
RNAi-WYS-1_R1_001	(14.0, 10.0)	(15.0, 35.0)	(16.0, 120.0)	(17.0, 296.0)	(18.0, 666.0)	(19.0, 1010.0)	(20.0, 1377.0)	(21.0, 2039.0)	(22.0, 3477.0)	(23.0, 6760.0)	(24.0, 13057.0)	(25.0, 24267.0)	(26.0, 40638.0)	(27.0, 65228.0)	(28.0, 97535.0)	(29.0, 137332.0)	(30.0, 184549.0)	(31.0, 242061.0)	(32.0, 361073.0)	(33.0, 507889.0)	(34.0, 784649.0)	(35.0, 1996439.0)	(36.0, 16934631.0)	(37.0, 1521324.0)					
RNAi-WYS-1_R2_001	(11.0, 34.0)	(12.0, 279.0)	(13.0, 983.0)	(14.0, 1414.0)	(15.0, 1664.0)	(16.0, 2181.0)	(17.0, 3114.0)	(18.0, 4827.0)	(19.0, 7721.0)	(20.0, 11690.0)	(21.0, 17581.0)	(22.0, 26503.0)	(23.0, 37062.0)	(24.0, 49252.0)	(25.0, 63093.0)	(26.0, 81506.0)	(27.0, 105427.0)	(28.0, 138702.0)	(29.0, 185534.0)	(30.0, 250977.0)	(31.0, 355752.0)	(32.0, 537589.0)	(33.0, 898711.0)	(34.0, 1837655.0)	(35.0, 5289953.0)	(36.0, 12706614.0)	(37.0, 310644.0)		
RNAi-WYS-2_R1_001	(14.0, 7.0)	(15.0, 38.0)	(16.0, 86.0)	(17.0, 257.0)	(18.0, 608.0)	(19.0, 935.0)	(20.0, 1283.0)	(21.0, 2005.0)	(22.0, 3538.0)	(23.0, 6561.0)	(24.0, 12321.0)	(25.0, 22754.0)	(26.0, 39863.0)	(27.0, 65216.0)	(28.0, 99363.0)	(29.0, 141721.0)	(30.0, 190434.0)	(31.0, 249866.0)	(32.0, 330744.0)	(33.0, 469944.0)	(34.0, 815285.0)	(35.0, 2147489.0)	(36.0, 17647200.0)	(37.0, 1493975.0)					
RNAi-WYS-2_R2_001	(11.0, 24.0)	(12.0, 312.0)	(13.0, 1075.0)	(14.0, 1522.0)	(15.0, 1738.0)	(16.0, 2260.0)	(17.0, 3343.0)	(18.0, 5397.0)	(19.0, 8335.0)	(20.0, 12985.0)	(21.0, 19274.0)	(22.0, 27947.0)	(23.0, 39347.0)	(24.0, 52684.0)	(25.0, 68241.0)	(26.0, 88935.0)	(27.0, 115934.0)	(28.0, 152214.0)	(29.0, 204206.0)	(30.0, 277678.0)	(31.0, 395067.0)	(32.0, 601756.0)	(33.0, 1019113.0)	(34.0, 2096785.0)	(35.0, 5841589.0)	(36.0, 12440087.0)	(37.0, 263645.0)		
RNAi-WYS-3_R1_001	(13.0, 1.0)	(14.0, 8.0)	(15.0, 39.0)	(16.0, 134.0)	(17.0, 353.0)	(18.0, 782.0)	(19.0, 1223.0)	(20.0, 1657.0)	(21.0, 2528.0)	(22.0, 4213.0)	(23.0, 7967.0)	(24.0, 14699.0)	(25.0, 28024.0)	(26.0, 49751.0)	(27.0, 82781.0)	(28.0, 125009.0)	(29.0, 179319.0)	(30.0, 236783.0)	(31.0, 306777.0)	(32.0, 400273.0)	(33.0, 556404.0)	(34.0, 948131.0)	(35.0, 2465196.0)	(36.0, 22311551.0)	(37.0, 2115240.0)				
RNAi-WYS-3_R2_001	(11.0, 24.0)	(12.0, 310.0)	(13.0, 952.0)	(14.0, 1446.0)	(15.0, 1651.0)	(16.0, 2177.0)	(17.0, 3041.0)	(18.0, 4512.0)	(19.0, 6783.0)	(20.0, 10196.0)	(21.0, 15576.0)	(22.0, 22384.0)	(23.0, 32288.0)	(24.0, 44013.0)	(25.0, 59467.0)	(26.0, 78393.0)	(27.0, 104971.0)	(28.0, 140249.0)	(29.0, 189983.0)	(30.0, 257617.0)	(31.0, 366472.0)	(32.0, 553855.0)	(33.0, 934392.0)	(34.0, 1965333.0)	(35.0, 6099111.0)	(36.0, 18368140.0)	(37.0, 575507.0)		
RNAi-gam-1_R1_001	(13.0, 1.0)	(14.0, 7.0)	(15.0, 32.0)	(16.0, 100.0)	(17.0, 259.0)	(18.0, 666.0)	(19.0, 987.0)	(20.0, 1332.0)	(21.0, 1950.0)	(22.0, 3154.0)	(23.0, 5740.0)	(24.0, 11174.0)	(25.0, 20504.0)	(26.0, 35520.0)	(27.0, 58150.0)	(28.0, 88890.0)	(29.0, 127221.0)	(30.0, 170566.0)	(31.0, 224713.0)	(32.0, 294519.0)	(33.0, 412397.0)	(34.0, 701367.0)	(35.0, 1904777.0)	(36.0, 16123570.0)	(37.0, 1391704.0)				
RNAi-gam-1_R2_001	(11.0, 18.0)	(12.0, 199.0)	(13.0, 769.0)	(14.0, 1109.0)	(15.0, 1341.0)	(16.0, 1797.0)	(17.0, 2626.0)	(18.0, 3992.0)	(19.0, 6098.0)	(20.0, 9197.0)	(21.0, 13847.0)	(22.0, 20385.0)	(23.0, 29264.0)	(24.0, 39729.0)	(25.0, 52300.0)	(26.0, 68851.0)	(27.0, 91730.0)	(28.0, 121013.0)	(29.0, 162141.0)	(30.0, 220742.0)	(31.0, 315874.0)	(32.0, 481178.0)	(33.0, 823891.0)	(34.0, 1724161.0)	(35.0, 5077033.0)	(36.0, 12027039.0)	(37.0, 282976.0)		
RNAi-gam-2_R1_001	(13.0, 2.0)	(14.0, 13.0)	(15.0, 39.0)	(16.0, 126.0)	(17.0, 412.0)	(18.0, 1021.0)	(19.0, 1649.0)	(20.0, 2020.0)	(21.0, 2616.0)	(22.0, 4056.0)	(23.0, 6895.0)	(24.0, 12433.0)	(25.0, 22673.0)	(26.0, 38769.0)	(27.0, 63797.0)	(28.0, 99658.0)	(29.0, 143782.0)	(30.0, 195400.0)	(31.0, 259109.0)	(32.0, 344935.0)	(33.0, 498209.0)	(34.0, 870386.0)	(35.0, 2288728.0)	(36.0, 18267252.0)	(37.0, 1524328.0)				
RNAi-gam-2_R2_001	(11.0, 14.0)	(12.0, 249.0)	(13.0, 936.0)	(14.0, 1394.0)	(15.0, 1725.0)	(16.0, 2294.0)	(17.0, 3365.0)	(18.0, 5361.0)	(19.0, 8246.0)	(20.0, 12982.0)	(21.0, 19199.0)	(22.0, 27991.0)	(23.0, 38759.0)	(24.0, 51943.0)	(25.0, 68451.0)	(26.0, 88475.0)	(27.0, 115671.0)	(28.0, 152434.0)	(29.0, 203693.0)	(30.0, 276662.0)	(31.0, 393780.0)	(32.0, 596015.0)	(33.0, 993527.0)	(34.0, 2008005.0)	(35.0, 5672711.0)	(36.0, 13569952.0)	(37.0, 334474.0)		
RNAi-gam-3_R1_001	(13.0, 1.0)	(14.0, 16.0)	(15.0, 46.0)	(16.0, 154.0)	(17.0, 530.0)	(18.0, 1368.0)	(19.0, 2043.0)	(20.0, 2564.0)	(21.0, 3178.0)	(22.0, 4847.0)	(23.0, 8175.0)	(24.0, 14678.0)	(25.0, 26644.0)	(26.0, 46361.0)	(27.0, 76550.0)	(28.0, 117354.0)	(29.0, 167691.0)	(30.0, 225586.0)	(31.0, 294924.0)	(32.0, 392082.0)	(33.0, 584956.0)	(34.0, 984691.0)	(35.0, 2517440.0)	(36.0, 20783382.0)	(37.0, 1801286.0)				
RNAi-gam-3_R2_001	(11.0, 28.0)	(12.0, 358.0)	(13.0, 1200.0)	(14.0, 1855.0)	(15.0, 2177.0)	(16.0, 2898.0)	(17.0, 4250.0)	(18.0, 6629.0)	(19.0, 10247.0)	(20.0, 15302.0)	(21.0, 22378.0)	(22.0, 31996.0)	(23.0, 45327.0)	(24.0, 60279.0)	(25.0, 78953.0)	(26.0, 102942.0)	(27.0, 134461.0)	(28.0, 175897.0)	(29.0, 234889.0)	(30.0, 316859.0)	(31.0, 449386.0)	(32.0, 675617.0)	(33.0, 1120308.0)	(34.0, 2266743.0)	(35.0, 6398885.0)	(36.0, 15505706.0)	(37.0, 390977.0)		
WT-S5-1_R1_001	(13.0, 1.0)	(14.0, 7.0)	(15.0, 28.0)	(16.0, 98.0)	(17.0, 234.0)	(18.0, 665.0)	(19.0, 976.0)	(20.0, 1299.0)	(21.0, 1989.0)	(22.0, 3072.0)	(23.0, 5550.0)	(24.0, 10602.0)	(25.0, 19975.0)	(26.0, 36074.0)	(27.0, 60891.0)	(28.0, 94236.0)	(29.0, 135304.0)	(30.0, 182506.0)	(31.0, 239562.0)	(32.0, 324422.0)	(33.0, 500836.0)	(34.0, 809947.0)	(35.0, 2019146.0)	(36.0, 17300935.0)	(37.0, 1594349.0)				
WT-S5-1_R2_001	(11.0, 21.0)	(12.0, 313.0)	(13.0, 1189.0)	(14.0, 1582.0)	(15.0, 1670.0)	(16.0, 2085.0)	(17.0, 3093.0)	(18.0, 4849.0)	(19.0, 7550.0)	(20.0, 11726.0)	(21.0, 17483.0)	(22.0, 25094.0)	(23.0, 35147.0)	(24.0, 47578.0)	(25.0, 63086.0)	(26.0, 82999.0)	(27.0, 109725.0)	(28.0, 144157.0)	(29.0, 193054.0)	(30.0, 259956.0)	(31.0, 366001.0)	(32.0, 551199.0)	(33.0, 916488.0)	(34.0, 1860086.0)	(35.0, 5299712.0)	(36.0, 13002857.0)	(37.0, 334004.0)		
WT-S5-2_R1_001	(13.0, 2.0)	(14.0, 5.0)	(15.0, 32.0)	(16.0, 114.0)	(17.0, 288.0)	(18.0, 667.0)	(19.0, 1055.0)	(20.0, 1446.0)	(21.0, 2132.0)	(22.0, 3437.0)	(23.0, 6480.0)	(24.0, 12402.0)	(25.0, 23195.0)	(26.0, 40940.0)	(27.0, 67195.0)	(28.0, 102622.0)	(29.0, 146603.0)	(30.0, 196811.0)	(31.0, 256485.0)	(32.0, 336650.0)	(33.0, 473322.0)	(34.0, 811990.0)	(35.0, 2159351.0)	(36.0, 19209452.0)	(37.0, 1799694.0)				
WT-S5-2_R2_001	(11.0, 31.0)	(12.0, 423.0)	(13.0, 1272.0)	(14.0, 1633.0)	(15.0, 1732.0)	(16.0, 2207.0)	(17.0, 3287.0)	(18.0, 5087.0)	(19.0, 8177.0)	(20.0, 12593.0)	(21.0, 18491.0)	(22.0, 26793.0)	(23.0, 38172.0)	(24.0, 51781.0)	(25.0, 68634.0)	(26.0, 89860.0)	(27.0, 119015.0)	(28.0, 155413.0)	(29.0, 207045.0)	(30.0, 279960.0)	(31.0, 393169.0)	(32.0, 587636.0)	(33.0, 969646.0)	(34.0, 1947832.0)	(35.0, 5580925.0)	(36.0, 14686627.0)	(37.0, 394929.0)		
WT-S5-3_R1_001	(14.0, 2.0)	(15.0, 29.0)	(16.0, 66.0)	(17.0, 231.0)	(18.0, 580.0)	(19.0, 903.0)	(20.0, 1319.0)	(21.0, 1852.0)	(22.0, 3129.0)	(23.0, 5728.0)	(24.0, 10982.0)	(25.0, 21030.0)	(26.0, 37334.0)	(27.0, 62531.0)	(28.0, 95664.0)	(29.0, 138517.0)	(30.0, 186470.0)	(31.0, 244496.0)	(32.0, 323999.0)	(33.0, 470757.0)	(34.0, 810196.0)	(35.0, 2106149.0)	(36.0, 18010247.0)	(37.0, 1548531.0)					
WT-S5-3_R2_001	(11.0, 25.0)	(12.0, 311.0)	(13.0, 1159.0)	(14.0, 1585.0)	(15.0, 1636.0)	(16.0, 1934.0)	(17.0, 2789.0)	(18.0, 4470.0)	(19.0, 6936.0)	(20.0, 11036.0)	(21.0, 16515.0)	(22.0, 23754.0)	(23.0, 33524.0)	(24.0, 44454.0)	(25.0, 58567.0)	(26.0, 77021.0)	(27.0, 101238.0)	(28.0, 133529.0)	(29.0, 178529.0)	(30.0, 242329.0)	(31.0, 341986.0)	(32.0, 513154.0)	(33.0, 851492.0)	(34.0, 1712241.0)	(35.0, 4956432.0)	(36.0, 14326806.0)	(37.0, 437290.0)		
WT-WYS-2_R1_001	(13.0, 2.0)	(14.0, 7.0)	(15.0, 43.0)	(16.0, 135.0)	(17.0, 329.0)	(18.0, 819.0)	(19.0, 1296.0)	(20.0, 1695.0)	(21.0, 2280.0)	(22.0, 3612.0)	(23.0, 5959.0)	(24.0, 11027.0)	(25.0, 20340.0)	(26.0, 36277.0)	(27.0, 60292.0)	(28.0, 92608.0)	(29.0, 133966.0)	(30.0, 178536.0)	(31.0, 233462.0)	(32.0, 307931.0)	(33.0, 432236.0)	(34.0, 745166.0)	(35.0, 2023119.0)	(36.0, 16930179.0)	(37.0, 1369716.0)				
WT-WYS-2_R2_001	(11.0, 25.0)	(12.0, 332.0)	(13.0, 1098.0)	(14.0, 1324.0)	(15.0, 1572.0)	(16.0, 2132.0)	(17.0, 3307.0)	(18.0, 5295.0)	(19.0, 8041.0)	(20.0, 12220.0)	(21.0, 17996.0)	(22.0, 25224.0)	(23.0, 35188.0)	(24.0, 46998.0)	(25.0, 62166.0)	(26.0, 81648.0)	(27.0, 107247.0)	(28.0, 141155.0)	(29.0, 189472.0)	(30.0, 257241.0)	(31.0, 364004.0)	(32.0, 549483.0)	(33.0, 911352.0)	(34.0, 1834331.0)	(35.0, 5154311.0)	(36.0, 12465173.0)	(37.0, 312697.0)		
WT-WYS-3_R1_001	(13.0, 1.0)	(14.0, 2.0)	(15.0, 28.0)	(16.0, 99.0)	(17.0, 276.0)	(18.0, 714.0)	(19.0, 1119.0)	(20.0, 1464.0)	(21.0, 2056.0)	(22.0, 3429.0)	(23.0, 5882.0)	(24.0, 11179.0)	(25.0, 20570.0)	(26.0, 36789.0)	(27.0, 61788.0)	(28.0, 95046.0)	(29.0, 134747.0)	(30.0, 180391.0)	(31.0, 234681.0)	(32.0, 308416.0)	(33.0, 438176.0)	(34.0, 772166.0)	(35.0, 1992537.0)	(36.0, 17053833.0)	(37.0, 1474320.0)				
WT-WYS-3_R2_001	(11.0, 19.0)	(12.0, 314.0)	(13.0, 1043.0)	(14.0, 1335.0)	(15.0, 1436.0)	(16.0, 1879.0)	(17.0, 2762.0)	(18.0, 4111.0)	(19.0, 6269.0)	(20.0, 9375.0)	(21.0, 13743.0)	(22.0, 19798.0)	(23.0, 27815.0)	(24.0, 38101.0)	(25.0, 51300.0)	(26.0, 68674.0)	(27.0, 91976.0)	(28.0, 121658.0)	(29.0, 164647.0)	(30.0, 224323.0)	(31.0, 318894.0)	(32.0, 479873.0)	(33.0, 803676.0)	(34.0, 1648040.0)	(35.0, 4847182.0)	(36.0, 13490856.0)	(37.0, 390610.0)		
WT-male-gam-1_R1_001	(14.0, 7.0)	(15.0, 33.0)	(16.0, 75.0)	(17.0, 262.0)	(18.0, 696.0)	(19.0, 1109.0)	(20.0, 1383.0)	(21.0, 1986.0)	(22.0, 3216.0)	(23.0, 6033.0)	(24.0, 11403.0)	(25.0, 21847.0)	(26.0, 38869.0)	(27.0, 64836.0)	(28.0, 100118.0)	(29.0, 143749.0)	(30.0, 191763.0)	(31.0, 251028.0)	(32.0, 338642.0)	(33.0, 517572.0)	(34.0, 838526.0)	(35.0, 2152338.0)	(36.0, 17894513.0)	(37.0, 1470224.0)					
WT-male-gam-1_R2_001	(11.0, 12.0)	(12.0, 300.0)	(13.0, 884.0)	(14.0, 1171.0)	(15.0, 1344.0)	(16.0, 1802.0)	(17.0, 2709.0)	(18.0, 4163.0)	(19.0, 6355.0)	(20.0, 9533.0)	(21.0, 14184.0)	(22.0, 20650.0)	(23.0, 29667.0)	(24.0, 41411.0)	(25.0, 56062.0)	(26.0, 74384.0)	(27.0, 99148.0)	(28.0, 131603.0)	(29.0, 177849.0)	(30.0, 242277.0)	(31.0, 347201.0)	(32.0, 525760.0)	(33.0, 891656.0)	(34.0, 1853573.0)	(35.0, 5437531.0)	(36.0, 13727927.0)	(37.0, 351072.0)		
WT-male-gam-2_R1_001	(13.0, 1.0)	(14.0, 5.0)	(15.0, 38.0)	(16.0, 99.0)	(17.0, 343.0)	(18.0, 880.0)	(19.0, 1373.0)	(20.0, 1788.0)	(21.0, 2542.0)	(22.0, 3718.0)	(23.0, 6650.0)	(24.0, 12171.0)	(25.0, 23055.0)	(26.0, 40879.0)	(27.0, 68333.0)	(28.0, 105917.0)	(29.0, 151475.0)	(30.0, 203135.0)	(31.0, 264395.0)	(32.0, 345890.0)	(33.0, 485970.0)	(34.0, 829754.0)	(35.0, 2256360.0)	(36.0, 19576970.0)	(37.0, 1661102.0)				
WT-male-gam-2_R2_001	(11.0, 23.0)	(12.0, 313.0)	(13.0, 1080.0)	(14.0, 1403.0)	(15.0, 1518.0)	(16.0, 1974.0)	(17.0, 2846.0)	(18.0, 4258.0)	(19.0, 6301.0)	(20.0, 9498.0)	(21.0, 14150.0)	(22.0, 20883.0)	(23.0, 30299.0)	(24.0, 42666.0)	(25.0, 57955.0)	(26.0, 76936.0)	(27.0, 102144.0)	(28.0, 136046.0)	(29.0, 183281.0)	(30.0, 247373.0)	(31.0, 351099.0)	(32.0, 529451.0)	(33.0, 890114.0)	(34.0, 1838976.0)	(35.0, 5510194.0)	(36.0, 15537821.0)	(37.0, 444241.0)		
WT-male-gam-3_R1_001	(13.0, 1.0)	(14.0, 9.0)	(15.0, 26.0)	(16.0, 142.0)	(17.0, 397.0)	(18.0, 1035.0)	(19.0, 1578.0)	(20.0, 2027.0)	(21.0, 2779.0)	(22.0, 4197.0)	(23.0, 7183.0)	(24.0, 13109.0)	(25.0, 24359.0)	(26.0, 43909.0)	(27.0, 73857.0)	(28.0, 115183.0)	(29.0, 165177.0)	(30.0, 221761.0)	(31.0, 288151.0)	(32.0, 378675.0)	(33.0, 531717.0)	(34.0, 917032.0)	(35.0, 2501001.0)	(36.0, 20893233.0)	(37.0, 1735183.0)				
WT-male-gam-3_R2_001	(11.0, 23.0)	(12.0, 377.0)	(13.0, 1479.0)	(14.0, 1765.0)	(15.0, 1936.0)	(16.0, 2514.0)	(17.0, 3645.0)	(18.0, 5505.0)	(19.0, 8335.0)	(20.0, 12591.0)	(21.0, 18203.0)	(22.0, 26341.0)	(23.0, 37746.0)	(24.0, 52176.0)	(25.0, 70347.0)	(26.0, 93560.0)	(27.0, 124421.0)	(28.0, 164553.0)	(29.0, 220702.0)	(30.0, 300175.0)	(31.0, 424959.0)	(32.0, 642096.0)	(33.0, 1067601.0)	(34.0, 2157329.0)	(35.0, 6130820.0)	(36.0, 15912624.0)	(37.0, 439898.0)		
WT-mature-herm-1_R1_001	(16.0, 3.0)	(17.0, 94.0)	(18.0, 1064.0)	(19.0, 4554.0)	(20.0, 11460.0)	(21.0, 17561.0)	(22.0, 20634.0)	(23.0, 21902.0)	(24.0, 25812.0)	(25.0, 29399.0)	(26.0, 35786.0)	(27.0, 41304.0)	(28.0, 51004.0)	(29.0, 60010.0)	(30.0, 78969.0)	(31.0, 103326.0)	(32.0, 143823.0)	(33.0, 181804.0)	(34.0, 253923.0)	(35.0, 330656.0)	(36.0, 549246.0)	(37.0, 1004565.0)	(38.0, 2667313.0)	(39.0, 15239378.0)	(40.0, 5460979.0)				
WT-mature-herm-1_R2_001	(13.0, 3.0)	(14.0, 87.0)	(15.0, 750.0)	(16.0, 5020.0)	(17.0, 17194.0)	(18.0, 36754.0)	(19.0, 50443.0)	(20.0, 59237.0)	(21.0, 58765.0)	(22.0, 57072.0)	(23.0, 54591.0)	(24.0, 58769.0)	(25.0, 61560.0)	(26.0, 70357.0)	(27.0, 74434.0)	(28.0, 84244.0)	(29.0, 92203.0)	(30.0, 109870.0)	(31.0, 127376.0)	(32.0, 160789.0)	(33.0, 202938.0)	(34.0, 284787.0)	(35.0, 412708.0)	(36.0, 703814.0)	(37.0, 1260063.0)	(38.0, 3073040.0)	(39.0, 14150819.0)	(40.0, 5066882.0)	
WT-mature-herm-2_R1_001	(13.0, 1.0)	(14.0, 5.0)	(15.0, 17.0)	(16.0, 86.0)	(17.0, 187.0)	(18.0, 490.0)	(19.0, 737.0)	(20.0, 983.0)	(21.0, 1381.0)	(22.0, 2566.0)	(23.0, 4905.0)	(24.0, 9473.0)	(25.0, 18410.0)	(26.0, 33072.0)	(27.0, 56431.0)	(28.0, 87507.0)	(29.0, 127510.0)	(30.0, 171811.0)	(31.0, 226558.0)	(32.0, 299265.0)	(33.0, 423098.0)	(34.0, 723727.0)	(35.0, 1939559.0)	(36.0, 17129899.0)	(37.0, 1550585.0)				
WT-mature-herm-2_R2_001	(11.0, 41.0)	(12.0, 383.0)	(13.0, 1087.0)	(14.0, 1404.0)	(15.0, 1661.0)	(16.0, 2016.0)	(17.0, 2990.0)	(18.0, 4835.0)	(19.0, 7601.0)	(20.0, 11979.0)	(21.0, 17643.0)	(22.0, 25983.0)	(23.0, 36568.0)	(24.0, 49695.0)	(25.0, 65333.0)	(26.0, 85471.0)	(27.0, 112639.0)	(28.0, 147466.0)	(29.0, 196585.0)	(30.0, 265602.0)	(31.0, 375139.0)	(32.0, 561872.0)	(33.0, 934258.0)	(34.0, 1895262.0)	(35.0, 5291737.0)	(36.0, 12413621.0)	(37.0, 299392.0)		
WT-mature-herm-3_R1_001	(16.0, 3.0)	(17.0, 124.0)	(18.0, 1278.0)	(19.0, 5356.0)	(20.0, 13252.0)	(21.0, 19679.0)	(22.0, 22606.0)	(23.0, 23974.0)	(24.0, 27654.0)	(25.0, 31529.0)	(26.0, 38148.0)	(27.0, 44173.0)	(28.0, 54220.0)	(29.0, 64136.0)	(30.0, 84710.0)	(31.0, 114008.0)	(32.0, 155321.0)	(33.0, 206674.0)	(34.0, 266229.0)	(35.0, 348791.0)	(36.0, 599773.0)	(37.0, 1098392.0)	(38.0, 2894212.0)	(39.0, 16917692.0)	(40.0, 6024147.0)				
WT-mature-herm-3_R2_001	(13.0, 8.0)	(14.0, 91.0)	(15.0, 724.0)	(16.0, 4966.0)	(17.0, 17462.0)	(18.0, 37812.0)	(19.0, 53000.0)	(20.0, 63190.0)	(21.0, 61647.0)	(22.0, 59957.0)	(23.0, 57921.0)	(24.0, 62061.0)	(25.0, 64154.0)	(26.0, 72187.0)	(27.0, 77029.0)	(28.0, 86354.0)	(29.0, 94937.0)	(30.0, 112926.0)	(31.0, 131627.0)	(32.0, 166476.0)	(33.0, 208938.0)	(34.0, 296743.0)	(35.0, 435079.0)	(36.0, 742917.0)	(37.0, 1338426.0)	(38.0, 3315348.0)	(39.0, 15670952.0)	(40.0, 5823149.0)	
