Sample	0	1	2	3	4	5	6	7	8	9	10	11	12	13	14	15
BA12-S5_R1_001_trimmed_1P	(1.0, 21.42529348681612)	(2.0, 13.584447072332766)	(3.0, 8.799403707751345)	(4.0, 5.6742689334285545)	(5.0, 4.049229377927308)	(6.0, 2.9136310199412465)	(7.0, 2.112176014693196)	(8.0, 1.7273090613245117)	(9.0, 1.4211011490216112)	('>10', 17.12654258060613)	('>50', 6.109894452838724)	('>100', 11.105558618107025)	('>500', 2.550373139324882)	('>1k', 1.400771385886595)	('>5k', 0.0)	('>10k+', 0.0)
BA12-S5_R1_001_trimmed_1U	(1.0, 35.78380344040003)	(2.0, 17.205741756688138)	(3.0, 9.436319902436546)	(4.0, 5.66034920400415)	(5.0, 3.68988682793441)	(6.0, 2.4977176762423543)	(7.0, 1.9441149820891857)	(8.0, 1.5641736266041137)	(9.0, 1.2644747182641949)	('>10', 14.586863130184991)	('>50', 3.372041973321844)	('>100', 2.838344144642501)	('>500', 0.15616861718753855)	('>1k', 0.0)	('>5k', 0.0)	('>10k+', 0.0)
BA12-S5_R1_001_trimmed_2P	(1.0, 21.10051612619994)	(2.0, 12.920018199426503)	(3.0, 8.379977918910827)	(4.0, 5.540500633926084)	(5.0, 3.710876144295811)	(6.0, 2.7425774362458304)	(7.0, 2.049893428865017)	(8.0, 1.650522572300415)	(9.0, 1.3190693734588363)	('>10', 16.773353226086588)	('>50', 6.383483551606743)	('>100', 12.119670131037454)	('>500', 3.0256238526684376)	('>1k', 2.141509430318873)	('>5k', 0.14240797465258276)	('>10k+', 0.0)
BA12-S5_R1_001_trimmed_2U	(1.0, 73.63045871344363)	(2.0, 12.163327781759945)	(3.0, 4.705619995253179)	(4.0, 2.475331400423782)	(5.0, 1.4764005895926515)	(6.0, 1.0717184941513669)	(7.0, 0.5662942757464577)	(8.0, 0.6007788974099313)	(9.0, 0.2790431038070233)	('>10', 1.929873327971725)	('>50', 0.21207399208480493)	('>100', 0.0)	('>500', 0.0)	('>1k', 0.8890794283555283)	('>5k', 0.0)	('>10k+', 0.0)
BA12-WYS_R1_001_trimmed_1P	(1.0, 25.699194598012117)	(2.0, 16.639228318754135)	(3.0, 10.97636733273336)	(4.0, 7.143861618466096)	(5.0, 4.799408556834698)	(6.0, 3.2443955192047804)	(7.0, 2.460920543683557)	(8.0, 1.926786880877041)	(9.0, 1.6367880156350072)	('>10', 13.484616023961992)	('>50', 3.1357907741516975)	('>100', 5.5946903139770825)	('>500', 1.8555055055587601)	('>1k', 1.3117225118361484)	('>5k', 0.09072348631329936)	('>10k+', 0.0)
BA12-WYS_R1_001_trimmed_1U	(1.0, 44.079066885611546)	(2.0, 20.189976009119988)	(3.0, 10.362103002244224)	(4.0, 5.540442036602597)	(5.0, 3.164331921853293)	(6.0, 2.015633265121276)	(7.0, 1.403568175601343)	(8.0, 1.0408465469346841)	(9.0, 0.7902557010717156)	('>10', 7.209132263958552)	('>50', 1.9867606177024746)	('>100', 2.000989847383365)	('>500', 0.16490985196767463)	('>1k', 0.0519838748272408)	('>5k', 0.0)	('>10k+', 0.0)
BA12-WYS_R1_001_trimmed_2P	(1.0, 25.30201834271792)	(2.0, 15.873381362990141)	(3.0, 10.650402827903909)	(4.0, 6.850778999710553)	(5.0, 4.7462722356099825)	(6.0, 3.293218358452525)	(7.0, 2.467021842202473)	(8.0, 1.8817790703400803)	(9.0, 1.6360063111384566)	('>10', 14.164367951371618)	('>50', 3.1205619151729778)	('>100', 6.146156952681308)	('>500', 1.9360383254268712)	('>1k', 1.7678499768220013)	('>5k', 0.07171480755482755)	('>10k+', 0.09243071990442228)
BA12-WYS_R1_001_trimmed_2U	(1.0, 87.78345755785456)	(2.0, 5.940232496779427)	(3.0, 1.9369148227412873)	(4.0, 1.0179924950628947)	(5.0, 0.6889916590829455)	(6.0, 0.4573755819922647)	(7.0, 0.29650729492783645)	(8.0, 0.205258862546488)	(9.0, 0.1316188641638784)	('>10', 0.9769514268125665)	('>50', 0.059705860276590285)	('>100', 0.05013469183530482)	('>500', 0.45485838592394734)	('>1k', 0.0)	('>5k', 0.0)	('>10k+', 0.0)
BA12-gam_R1_001_trimmed_1P	(1.0, 24.510830359276316)	(2.0, 15.511781520963597)	(3.0, 9.801281282195008)	(4.0, 6.1373931941368)	(5.0, 4.079905668115886)	(6.0, 2.752822709972879)	(7.0, 1.9787658702451165)	(8.0, 1.4438284395994858)	(9.0, 1.1757346355750695)	('>10', 12.06784766503132)	('>50', 3.561160194277598)	('>100', 9.293973458664851)	('>500', 4.040291091874783)	('>1k', 3.3864379310999766)	('>5k', 0.1899930485144493)	('>10k+', 0.06795293045689305)
BA12-gam_R1_001_trimmed_1U	(1.0, 39.1779063816341)	(2.0, 18.055708502009484)	(3.0, 9.619037048270664)	(4.0, 5.218960320906817)	(5.0, 3.0111958882867365)	(6.0, 1.9377004399433955)	(7.0, 1.4481201533490866)	(8.0, 1.0278344694554808)	(9.0, 0.8206194249500313)	('>10', 9.602635749488297)	('>50', 3.8230408952621238)	('>100', 5.6013572997474)	('>500', 0.44932186330311763)	('>1k', 0.20656156339331705)	('>5k', 0.0)	('>10k+', 0.0)
BA12-gam_R1_001_trimmed_2P	(1.0, 24.765879626629328)	(2.0, 14.960306607059046)	(3.0, 9.402310010103172)	(4.0, 6.068503542490376)	(5.0, 3.9434501072754986)	(6.0, 2.7659197839267664)	(7.0, 2.0120640891784394)	(8.0, 1.508149784592827)	(9.0, 1.2457111240082264)	('>10', 12.145149191011772)	('>50', 3.3065898401477867)	('>100', 9.228207961761314)	('>500', 4.222475278354026)	('>1k', 3.9914530126845387)	('>5k', 0.33427706885624875)	('>10k+', 0.09955297192064422)
BA12-gam_R1_001_trimmed_2U	(1.0, 74.04336288360265)	(2.0, 9.539654300997128)	(3.0, 3.81621860253173)	(4.0, 2.2297073769119073)	(5.0, 1.634675001649485)	(6.0, 1.1148744224058027)	(7.0, 0.8550823648553196)	(8.0, 0.7110078813925437)	(9.0, 0.6468442742288355)	('>10', 3.329097702124629)	('>50', 0.04359148300551163)	('>100', 0.21230666723054742)	('>500', 0.0)	('>1k', 1.8235770390639034)	('>5k', 0.0)	('>10k+', 0.0)
BA14-S5_R1_001_trimmed_1P	(1.0, 9.280887939990896)	(2.0, 8.611465693283982)	(3.0, 7.519928454369759)	(4.0, 6.083714282158336)	(5.0, 4.763138759574441)	(6.0, 3.5209900795467854)	(7.0, 2.7710901045218486)	(8.0, 2.15674371170654)	(9.0, 1.7621592154278622)	('>10', 18.506634614189576)	('>50', 6.443187436637314)	('>100', 14.907122345002048)	('>500', 5.881614919285278)	('>1k', 6.9741016965783205)	('>5k', 0.594577264203344)	('>10k+', 0.22264348352346108)
BA14-S5_R1_001_trimmed_1U	(1.0, 18.865544162084024)	(2.0, 12.622538108573798)	(3.0, 10.375894612590333)	(4.0, 7.829981149050402)	(5.0, 5.591342272585925)	(6.0, 4.139491946317744)	(7.0, 2.930406004048792)	(8.0, 2.1995181715962446)	(9.0, 1.791619437210346)	('>10', 18.21852060241395)	('>50', 5.589913434331321)	('>100', 8.349184250043425)	('>500', 0.9682116054154116)	('>1k', 0.5278342437384392)	('>5k', 0.0)	('>10k+', 0.0)
BA14-S5_R1_001_trimmed_2P	(1.0, 9.650582114025827)	(2.0, 8.330512247359987)	(3.0, 7.259930812490676)	(4.0, 5.812875625272954)	(5.0, 4.4352763419848245)	(6.0, 3.3219897380942256)	(7.0, 2.656868343834642)	(8.0, 2.07333365517507)	(9.0, 1.7010174851264568)	('>10', 17.721884684329126)	('>50', 6.291072011331591)	('>100', 14.890117588469137)	('>500', 6.545508793310724)	('>1k', 7.8376848666802195)	('>5k', 0.9315378960123504)	('>10k+', 0.5398077965021124)
BA14-S5_R1_001_trimmed_2U	(1.0, 73.29896653659885)	(2.0, 9.148820468222352)	(3.0, 4.076652284447624)	(4.0, 2.4618883008559003)	(5.0, 1.6148140346937765)	(6.0, 1.3208848567192768)	(7.0, 0.9655410262410455)	(8.0, 0.7588549928068006)	(9.0, 0.6944330360814871)	('>10', 4.616570678068424)	('>50', 0.5177853853769325)	('>100', 0.14181104383949797)	('>500', 0.38297735604802696)	('>1k', 0.0)	('>5k', 0.0)	('>10k+', 0.0)
BA14-WYS_R1_001_trimmed_1P	(1.0, 30.20063592604203)	(2.0, 19.381755872432176)	(3.0, 12.026513192812867)	(4.0, 7.779469186981947)	(5.0, 5.118232950182028)	(6.0, 3.3641679510160865)	(7.0, 2.4014105311334744)	(8.0, 1.8411380214292787)	(9.0, 1.469767225882159)	('>10', 12.200570648355354)	('>50', 2.1500982139239766)	('>100', 1.8613081669941567)	('>500', 0.13893640172454197)	('>1k', 0.06599571108990386)	('>5k', 0.0)	('>10k+', 0.0)
BA14-WYS_R1_001_trimmed_1U	(1.0, 50.25242057224158)	(2.0, 21.920207975139995)	(3.0, 10.744415515947296)	(4.0, 5.549867841774443)	(5.0, 2.92223691328385)	(6.0, 1.7356011963951798)	(7.0, 1.1861161889025826)	(8.0, 0.7871204475175445)	(9.0, 0.6479124038794579)	('>10', 3.7884005785992025)	('>50', 0.3012746633553052)	('>100', 0.16442570296351783)	('>500', 0.0)	('>1k', 0.0)	('>5k', 0.0)	('>10k+', 0.0)
BA14-WYS_R1_001_trimmed_2P	(1.0, 30.221115585712628)	(2.0, 18.816494016451426)	(3.0, 11.795332616106895)	(4.0, 7.616027674977347)	(5.0, 5.001538498976759)	(6.0, 3.4674089982041876)	(7.0, 2.502024445504706)	(8.0, 1.8693027858189437)	(9.0, 1.4443151192194996)	('>10', 12.530939831400792)	('>50', 2.243913225676868)	('>100', 2.1428007861925242)	('>500', 0.19272787475827022)	('>1k', 0.15605854099930164)	('>5k', 0.0)	('>10k+', 0.0)
BA14-WYS_R1_001_trimmed_2U	(1.0, 86.04463028606126)	(2.0, 8.561518500977835)	(3.0, 2.0712822793116947)	(4.0, 0.8755262785726912)	(5.0, 0.39718776584197374)	(6.0, 0.2191342588387134)	(7.0, 0.1525812319473338)	(8.0, 0.06523202621366715)	(9.0, 0.03254745818411093)	('>10', 0.30377627638503535)	('>50', 0.06057443606487312)	('>100', 0.0)	('>500', 0.0)	('>1k', 1.216009201600811)	('>5k', 0.0)	('>10k+', 0.0)
BA14-gam_R1_001_trimmed_1P	(1.0, 17.007986736504677)	(2.0, 11.798655867368552)	(3.0, 8.077221677819074)	(4.0, 5.24766117129131)	(5.0, 3.5491175910066537)	(6.0, 2.459551582042548)	(7.0, 1.7851864544360552)	(8.0, 1.3450865835462713)	(9.0, 1.0868096542085168)	('>10', 10.44699532615203)	('>50', 3.5333965139298296)	('>100', 12.315628856181334)	('>500', 7.649636620039833)	('>1k', 11.945351913436596)	('>5k', 1.1871784282367777)	('>10k+', 0.5645350237999476)
BA14-gam_R1_001_trimmed_1U	(1.0, 27.504627620776922)	(2.0, 14.832480722542687)	(3.0, 8.742743807211262)	(4.0, 5.018255880161595)	(5.0, 3.2155454136190786)	(6.0, 2.0092564049605808)	(7.0, 1.37271787811179)	(8.0, 1.0731656598367598)	(9.0, 0.8837827980077407)	('>10', 11.021206534049895)	('>50', 5.945199895759294)	('>100', 14.321646210229275)	('>500', 2.6123659224375286)	('>1k', 1.4470052522956145)	('>5k', 0.0)	('>10k+', 0.0)
BA14-gam_R1_001_trimmed_2P	(1.0, 17.010459780209555)	(2.0, 11.274311211152611)	(3.0, 7.867842587531487)	(4.0, 5.231730473053842)	(5.0, 3.4096054557842015)	(6.0, 2.377731635823964)	(7.0, 1.753882993643404)	(8.0, 1.4134107558382707)	(9.0, 1.0700013039269296)	('>10', 10.570730795635386)	('>50', 3.2893523306387347)	('>100', 11.318973979642767)	('>500', 7.968685088684564)	('>1k', 13.318876846053055)	('>5k', 1.2147689766049012)	('>10k+', 0.9096357857761248)
BA14-gam_R1_001_trimmed_2U	(1.0, 71.9986671631857)	(2.0, 6.68401784184732)	(3.0, 2.9904735347197215)	(4.0, 2.134162851528995)	(5.0, 1.5391481330356749)	(6.0, 1.5077089780555126)	(7.0, 1.0527681447293629)	(8.0, 0.9568167887262835)	(9.0, 0.8981264022142686)	('>10', 8.538157200813117)	('>50', 0.7328308530549917)	('>100', 0.2928640687925684)	('>500', 0.0)	('>1k', 0.674258039296478)	('>5k', 0.0)	('>10k+', 0.0)
BA19-S5_R1_001_trimmed_1P	(1.0, 25.168292113570338)	(2.0, 16.766509447955027)	(3.0, 11.181596012202089)	(4.0, 7.605130896940657)	(5.0, 5.334538293830669)	(6.0, 3.6586572902702446)	(7.0, 2.660369672754144)	(8.0, 2.0171318979482935)	(9.0, 1.5329081095368329)	('>10', 12.85899894237987)	('>50', 3.011981084679581)	('>100', 4.905592827765086)	('>500', 1.7357657472252956)	('>1k', 1.3821461688472767)	('>5k', 0.180381494094564)	('>10k+', 0.0)
BA19-S5_R1_001_trimmed_1U	(1.0, 46.76527627160218)	(2.0, 20.14442149694225)	(3.0, 10.538685576426374)	(4.0, 5.704875416709769)	(5.0, 3.2388159013092976)	(6.0, 1.8981955681300962)	(7.0, 1.261581073515534)	(8.0, 0.9910602363723108)	(9.0, 0.6647768842135208)	('>10', 5.894503707559749)	('>50', 1.2955101858350477)	('>100', 1.4221011190392425)	('>500', 0.13356910288751134)	('>1k', 0.04662745945717882)	('>5k', 0.0)	('>10k+', 0.0)
BA19-S5_R1_001_trimmed_2P	(1.0, 24.68984285216437)	(2.0, 16.309758082730365)	(3.0, 10.830084058008243)	(4.0, 7.523850547638953)	(5.0, 5.21346770001019)	(6.0, 3.6480272531200617)	(7.0, 2.646669336611709)	(8.0, 2.0591456839479987)	(9.0, 1.5862098854590587)	('>10', 13.329307135785088)	('>50', 3.024927327242359)	('>100', 5.357749251770719)	('>500', 1.8543910876788683)	('>1k', 1.619524270977626)	('>5k', 0.22516139948597294)	('>10k+', 0.08188412736834136)
BA19-S5_R1_001_trimmed_2U	(1.0, 87.33436059909887)	(2.0, 6.092954121762118)	(3.0, 1.9912557744191282)	(4.0, 0.9945610012408783)	(5.0, 0.6401784779335116)	(6.0, 0.45867185637235114)	(7.0, 0.3338746558946123)	(8.0, 0.23797794782533457)	(9.0, 0.18608331088616034)	('>10', 1.0105995034034958)	('>50', 0.09864201121156661)	('>100', 0.0)	('>500', 0.0)	('>1k', 0.6208407399519825)	('>5k', 0.0)	('>10k+', 0.0)
BA19-WYS_R1_001_trimmed_1P	(1.0, 25.73873491362395)	(2.0, 15.439032021154336)	(3.0, 9.488394912960892)	(4.0, 5.977580687907522)	(5.0, 3.9711186166773644)	(6.0, 2.781496137021172)	(7.0, 2.0468861176708235)	(8.0, 1.646694103100431)	(9.0, 1.334923853889115)	('>10', 12.878751710436747)	('>50', 3.591278322147932)	('>100', 8.491645931755082)	('>500', 3.411140989147844)	('>1k', 2.8764173487308096)	('>5k', 0.22949215769228665)	('>10k+', 0.09641217608369983)
BA19-WYS_R1_001_trimmed_1U	(1.0, 40.958953703581386)	(2.0, 18.108932588056277)	(3.0, 9.184665784243325)	(4.0, 5.045083101623189)	(5.0, 3.0237173800551838)	(6.0, 1.9710647972021915)	(7.0, 1.4023965660729691)	(8.0, 1.1275472161799054)	(9.0, 0.8381111278473405)	('>10', 9.146699157170453)	('>50', 3.4870664025283595)	('>100', 5.004476075303675)	('>500', 0.4202042131812361)	('>1k', 0.28108188695452646)	('>5k', 0.0)	('>10k+', 0.0)
BA19-WYS_R1_001_trimmed_2P	(1.0, 25.697539610411358)	(2.0, 14.852656829679844)	(3.0, 9.249149305039515)	(4.0, 5.859017646783111)	(5.0, 3.8853168827849407)	(6.0, 2.7739413422036745)	(7.0, 2.0666274527979875)	(8.0, 1.5871565048979988)	(9.0, 1.3911263592560297)	('>10', 13.214927082792267)	('>50', 3.5194216732596733)	('>100', 8.593055305575433)	('>500', 3.7035802671400364)	('>1k', 3.146644551576065)	('>5k', 0.25842328583904367)	('>10k+', 0.20141589996316095)
BA19-WYS_R1_001_trimmed_2U	(1.0, 75.33055718939224)	(2.0, 9.791868347394253)	(3.0, 3.907411436481784)	(4.0, 1.9481642185225694)	(5.0, 1.5291581028132646)	(6.0, 1.0833651176626131)	(7.0, 0.7707726599578355)	(8.0, 0.5842353975868724)	(9.0, 0.42807291890531224)	('>10', 3.534552367798252)	('>50', 0.16557967956754335)	('>100', 0.14098863804761116)	('>500', 0.7852739258698344)	('>1k', 0.0)	('>5k', 0.0)	('>10k+', 0.0)
BA19-gam_R1_001_trimmed_1P	(1.0, 13.638468104556475)	(2.0, 6.829004151754815)	(3.0, 3.7320064922511555)	(4.0, 2.1813696380229017)	(5.0, 1.472371429889024)	(6.0, 1.091870655828173)	(7.0, 0.8753193390988506)	(8.0, 0.652145873425987)	(9.0, 0.6115607129159552)	('>10', 7.133694052562715)	('>50', 2.6511179295112073)	('>100', 10.291385977291762)	('>500', 8.421142016709084)	('>1k', 26.472494787533606)	('>5k', 8.851655831143278)	('>10k+', 5.094393007505054)
BA19-gam_R1_001_trimmed_1U	(1.0, 23.284294575222592)	(2.0, 8.178206300285515)	(3.0, 3.2666845983515715)	(4.0, 1.8128076741039847)	(5.0, 1.2011309214567496)	(6.0, 0.954357998366352)	(7.0, 0.7556928268403423)	(8.0, 0.6314651186267473)	(9.0, 0.5455886708646682)	('>10', 8.410411529912103)	('>50', 5.252799583423942)	('>100', 20.22332946600179)	('>500', 9.902260223038095)	('>1k', 14.774950421348688)	('>5k', 0.8060200921568382)	('>10k+', 0.0)
BA19-gam_R1_001_trimmed_2P	(1.0, 12.911783569064378)	(2.0, 6.903525765746793)	(3.0, 3.7163709161784046)	(4.0, 2.2129999314449913)	(5.0, 1.4569560703472186)	(6.0, 1.1015181332087136)	(7.0, 0.8145978993176388)	(8.0, 0.6453249592786015)	(9.0, 0.5727816791530562)	('>10', 6.980363203964746)	('>50', 2.6112815453901694)	('>100', 10.36414907460051)	('>500', 8.461924048491404)	('>1k', 26.842044284146144)	('>5k', 8.86143631007527)	('>10k+', 5.542942609591899)
BA19-gam_R1_001_trimmed_2U	(1.0, 32.99718092886516)	(2.0, 3.533636421288743)	(3.0, 1.776303295648126)	(4.0, 1.3104252606641067)	(5.0, 1.0956716815043792)	(6.0, 0.9509983603377385)	(7.0, 0.9177787229104373)	(8.0, 0.8622375234706449)	(9.0, 0.7435277075365299)	('>10', 12.232725439021584)	('>50', 3.8042245634534635)	('>100', 1.9967743741214288)	('>500', 0.0)	('>1k', 0.44616958233584497)	('>5k', 0.0)	('>10k+', 37.332346138841814)
BD5-S5_R1_001_trimmed_1P	(1.0, 26.12456810116082)	(2.0, 15.955933494498357)	(3.0, 9.826863218918817)	(4.0, 6.1867628979118265)	(5.0, 4.009851776514586)	(6.0, 2.9787741405632806)	(7.0, 2.0764773668568637)	(8.0, 1.7059532029823368)	(9.0, 1.399970236000451)	('>10', 15.732137112645184)	('>50', 5.012412388341642)	('>100', 7.352008145080155)	('>500', 1.1372032519842175)	('>1k', 0.5010846665415524)	('>5k', 0.0)	('>10k+', 0.0)
BD5-S5_R1_001_trimmed_1U	(1.0, 42.984698501365095)	(2.0, 19.19765327570889)	(3.0, 9.763411797607139)	(4.0, 5.237773806986728)	(5.0, 3.2422743952046043)	(6.0, 2.219344975630883)	(7.0, 1.6004781478026358)	(8.0, 1.261464776868579)	(9.0, 1.130070140282408)	('>10', 10.309723953890355)	('>50', 1.9899363727727448)	('>100', 1.0373669711347653)	('>500', 0.02580288474516654)	('>1k', 0.0)	('>5k', 0.0)	('>10k+', 0.0)
BD5-S5_R1_001_trimmed_2P	(1.0, 25.781384614752028)	(2.0, 15.35568352755449)	(3.0, 9.434230118639913)	(4.0, 6.165720620590191)	(5.0, 4.0905507235366505)	(6.0, 2.867336930453282)	(7.0, 2.1786296870446535)	(8.0, 1.67931437235168)	(9.0, 1.4715693034305868)	('>10', 15.87297140673945)	('>50', 5.096691219542639)	('>100', 7.93931508583806)	('>500', 1.2959526585684797)	('>1k', 0.7274116155455141)	('>5k', 0.043238115412428786)	('>10k+', 0.0)
BD5-S5_R1_001_trimmed_2U	(1.0, 79.76689900398657)	(2.0, 10.764326781032343)	(3.0, 3.6643489224353427)	(4.0, 1.7578496258834797)	(5.0, 0.9587262646962332)	(6.0, 0.6396406090739902)	(7.0, 0.35718005431490324)	(8.0, 0.2765155262106904)	(9.0, 0.21763794836570216)	('>10', 0.8135513784146486)	('>50', 0.0)	('>100', 0.0)	('>500', 0.7833238855860788)	('>1k', 0.0)	('>5k', 0.0)	('>10k+', 0.0)
BD5-WYS_R1_001_trimmed_1P	(1.0, 23.54670743212708)	(2.0, 14.752416122228377)	(3.0, 9.382030077098525)	(4.0, 6.050409147011618)	(5.0, 4.192786088942968)	(6.0, 2.8548990200275277)	(7.0, 2.216645310099863)	(8.0, 1.7173917043368292)	(9.0, 1.4237575792768633)	('>10', 14.81834660081164)	('>50', 4.200456349424543)	('>100', 8.726697703061138)	('>500', 3.032968979869281)	('>1k', 2.854013967494459)	('>5k', 0.14800869964441998)	('>10k+', 0.08246521854480246)
BD5-WYS_R1_001_trimmed_1U	(1.0, 39.04278863112653)	(2.0, 18.132781193008395)	(3.0, 9.509313101036629)	(4.0, 5.43219986472879)	(5.0, 3.2780602796333445)	(6.0, 2.2586475957262317)	(7.0, 1.6251967617654208)	(8.0, 1.171293977418091)	(9.0, 0.9983683199346836)	('>10', 10.430089009546545)	('>50', 3.2886768262557786)	('>100', 4.304663860492531)	('>500', 0.30462644073213)	('>1k', 0.22329413859491087)	('>5k', 0.0)	('>10k+', 0.0)
BD5-WYS_R1_001_trimmed_2P	(1.0, 23.37070329124543)	(2.0, 14.306144347493479)	(3.0, 8.952533014315737)	(4.0, 5.929509844720932)	(5.0, 4.087867734605663)	(6.0, 2.9246204076632827)	(7.0, 2.1066019570340955)	(8.0, 1.655968544549678)	(9.0, 1.4072651701051933)	('>10', 15.022324311558416)	('>50', 4.3081132820291055)	('>100', 8.81350905165165)	('>500', 3.528168041930203)	('>1k', 3.1908388429635566)	('>5k', 0.27260747078467884)	('>10k+', 0.12322468734908862)
BD5-WYS_R1_001_trimmed_2U	(1.0, 74.9179624853792)	(2.0, 10.595341744198103)	(3.0, 3.8475803452463175)	(4.0, 2.281382747382638)	(5.0, 1.4457990760462254)	(6.0, 1.1668216487242087)	(7.0, 0.712722728746868)	(8.0, 0.544390882727222)	(9.0, 0.4645625870765219)	('>10', 3.261824671293428)	('>50', 0.10891857426111623)	('>100', 0.11465113080117498)	('>500', 0.5380413781169425)	('>1k', 0.0)	('>5k', 0.0)	('>10k+', 0.0)
BD5-gam_R1_001_trimmed_1P	(1.0, 14.838658233851751)	(2.0, 7.656354871437052)	(3.0, 4.212227934658864)	(4.0, 2.553406878039648)	(5.0, 1.7716636169122428)	(6.0, 1.3627318791452325)	(7.0, 1.0684390969620101)	(8.0, 0.8573062653694498)	(9.0, 0.703162448011638)	('>10', 8.561408124739865)	('>50', 3.0881387668494016)	('>100', 10.207132183907735)	('>500', 8.002625142635429)	('>1k', 24.343683832975774)	('>5k', 6.275192917613123)	('>10k+', 4.497867806890751)
BD5-gam_R1_001_trimmed_1U	(1.0, 25.979274509829775)	(2.0, 9.113605100180171)	(3.0, 3.664539184192945)	(4.0, 2.0388944525756023)	(5.0, 1.3941722117562596)	(6.0, 1.0368458305382762)	(7.0, 0.843085877672249)	(8.0, 0.7082347412774436)	(9.0, 0.6230900783044729)	('>10', 9.186190639298692)	('>50', 5.5218139605661305)	('>100', 19.574558854962934)	('>500', 8.355941786885456)	('>1k', 9.030540499183322)	('>5k', 0.48728679983958784)	('>10k+', 2.441925472936676)
BD5-gam_R1_001_trimmed_2P	(1.0, 14.036443757478928)	(2.0, 7.724744675860692)	(3.0, 4.242318408376753)	(4.0, 2.5875875798195445)	(5.0, 1.7533324853915793)	(6.0, 1.3034664765401116)	(7.0, 1.0096984547728678)	(8.0, 0.8062540944761634)	(9.0, 0.6996587143545386)	('>10', 8.482622302829393)	('>50', 3.0164497925232743)	('>100', 10.466782277745592)	('>500', 8.028207016141025)	('>1k', 24.597999658209705)	('>5k', 6.250695761914258)	('>10k+', 4.993738543565557)
BD5-gam_R1_001_trimmed_2U	(1.0, 51.14656856370476)	(2.0, 5.4076520131640295)	(3.0, 2.593318577729023)	(4.0, 1.934244955530462)	(5.0, 1.5105949245821715)	(6.0, 1.253496323312819)	(7.0, 1.1639095607015653)	(8.0, 0.998919857948582)	(9.0, 0.8804132309822884)	('>10', 15.56484760237681)	('>50', 3.788442562342337)	('>100', 1.4763351636013502)	('>500', 0.17344260522534)	('>1k', 0.0)	('>5k', 0.0)	('>10k+', 12.107814058798436)
BF16-S5_R1_001_trimmed_1P	(1.0, 17.549438358418037)	(2.0, 8.682889420966111)	(3.0, 4.943478617704102)	(4.0, 3.1841336321868927)	(5.0, 2.3500845960179184)	(6.0, 1.8977576672257124)	(7.0, 1.5483823624448387)	(8.0, 1.3050883359370182)	(9.0, 1.0717713101882007)	('>10', 14.67134020041551)	('>50', 5.46518410606511)	('>100', 13.246029827457562)	('>500', 6.600505245389737)	('>1k', 14.137046549924662)	('>5k', 2.376609213167324)	('>10k+', 0.9702605564911638)
BF16-S5_R1_001_trimmed_1U	(1.0, 30.93542581285147)	(2.0, 11.111796277560794)	(3.0, 5.16944600326316)	(4.0, 3.193379157834476)	(5.0, 2.2842893766654444)	(6.0, 1.7694691901945718)	(7.0, 1.4808987439698205)	(8.0, 1.2635501033919485)	(9.0, 1.0966874461910716)	('>10', 14.256377007166742)	('>50', 5.871805639551273)	('>100', 13.969946288475374)	('>500', 4.334010168360378)	('>1k', 3.106545413321786)	('>5k', 0.15637337120168796)	('>10k+', 0.0)
BF16-S5_R1_001_trimmed_2P	(1.0, 16.37543367658801)	(2.0, 8.63831517311661)	(3.0, 5.070909890166578)	(4.0, 3.305875835855274)	(5.0, 2.3626558192858216)	(6.0, 1.8502735584086)	(7.0, 1.533625018489024)	(8.0, 1.2496314653349914)	(9.0, 1.1271727287080675)	('>10', 14.766043040267828)	('>50', 5.512188549444549)	('>100', 13.498264764925477)	('>500', 6.678821167785988)	('>1k', 14.437749797678215)	('>5k', 2.2662436843671894)	('>10k+', 1.3267958295777278)
BF16-S5_R1_001_trimmed_2U	(1.0, 51.03768646717574)	(2.0, 6.002122184909265)	(3.0, 2.5332028640236874)	(4.0, 1.7066660219582228)	(5.0, 1.30757427970172)	(6.0, 1.0402892141530533)	(7.0, 0.820128532123745)	(8.0, 0.7282978689295334)	(9.0, 0.7193314968461298)	('>10', 7.867966327549173)	('>50', 0.7445890517867354)	('>100', 0.48596029822382275)	('>500', 0.0)	('>1k', 0.5175420272067527)	('>5k', 0.0)	('>10k+', 24.488643365412425)
BF16-WYS_R1_001_trimmed_1P	(1.0, 26.999277558973468)	(2.0, 17.095705707194277)	(3.0, 10.575720232657815)	(4.0, 6.85235723613707)	(5.0, 4.44083020664199)	(6.0, 3.068337178714879)	(7.0, 2.3462107434767465)	(8.0, 1.8105742442866901)	(9.0, 1.4444649736464976)	('>10', 13.699502178641513)	('>50', 3.1103117944772665)	('>100', 5.686356568702446)	('>500', 1.6373873377019101)	('>1k', 1.141134555963847)	('>5k', 0.09182948278377101)	('>10k+', 0.0)
BF16-WYS_R1_001_trimmed_1U	(1.0, 43.95799270837609)	(2.0, 20.235121072984388)	(3.0, 10.344791745314744)	(4.0, 5.3527332411916655)	(5.0, 3.1676302057442283)	(6.0, 2.0250014529108658)	(7.0, 1.3789240998481218)	(8.0, 1.0519853835392927)	(9.0, 0.8848119559006863)	('>10', 7.641026447701668)	('>50', 1.8387328994402188)	('>100', 1.9141754441251218)	('>500', 0.16211754035119422)	('>1k', 0.0449558025717902)	('>5k', 0.0)	('>10k+', 0.0)
BF16-WYS_R1_001_trimmed_2P	(1.0, 26.873620246765057)	(2.0, 16.75107574070729)	(3.0, 10.45997963837435)	(4.0, 6.666499863986044)	(5.0, 4.384801439200032)	(6.0, 3.092544422969272)	(7.0, 2.279265181602563)	(8.0, 1.809547167647448)	(9.0, 1.4178862172259625)	('>10', 13.872773011928583)	('>50', 3.252761704173407)	('>100', 5.947531895301108)	('>500', 1.735555421428968)	('>1k', 1.3342078929544583)	('>5k', 0.044002281587400965)	('>10k+', 0.07794787414792193)
BF16-WYS_R1_001_trimmed_2U	(1.0, 87.77656303330144)	(2.0, 5.968749046084061)	(3.0, 2.097792859197906)	(4.0, 1.0188317021146958)	(5.0, 0.5579477143714365)	(6.0, 0.4192942838085467)	(7.0, 0.3192633749014584)	(8.0, 0.23208570021451375)	(9.0, 0.19983246934548088)	('>10', 0.8684702093608029)	('>50', 0.025058610489387356)	('>100', 0.051081013689904996)	('>500', 0.46502998312036153)	('>1k', 0.0)	('>5k', 0.0)	('>10k+', 0.0)
BF16-gam_R1_001_trimmed_1P	(1.0, 13.531817684376914)	(2.0, 7.571360181014344)	(3.0, 4.375763675882266)	(4.0, 2.7027146033891056)	(5.0, 1.812525095952816)	(6.0, 1.3332002429964078)	(7.0, 1.0376694622598233)	(8.0, 0.8427251330687453)	(9.0, 0.7315234750811584)	('>10', 9.018166731234814)	('>50', 3.2114142668783088)	('>100', 10.519975603887673)	('>500', 8.0791524141619)	('>1k', 24.369513416443343)	('>5k', 6.4755560266839804)	('>10k+', 4.386921986688373)
BF16-gam_R1_001_trimmed_1U	(1.0, 24.451616853831013)	(2.0, 9.22331414154332)	(3.0, 3.9606354079424735)	(4.0, 2.2797250188130542)	(5.0, 1.482887332940645)	(6.0, 1.1099995907902707)	(7.0, 0.9063440095766482)	(8.0, 0.7707612603575481)	(9.0, 0.6475284385108351)	('>10', 9.72567790056902)	('>50', 5.600693350358728)	('>100', 19.524952576058425)	('>500', 8.273119861094393)	('>1k', 9.78590972799435)	('>5k', 0.5633332300733181)	('>10k+', 1.6935012995459038)
BF16-gam_R1_001_trimmed_2P	(1.0, 12.694436652332408)	(2.0, 7.622746108805346)	(3.0, 4.380663089965059)	(4.0, 2.679492606092652)	(5.0, 1.827514123175062)	(6.0, 1.3440774665388595)	(7.0, 1.0522413493618983)	(8.0, 0.8496637315023718)	(9.0, 0.7438315229255895)	('>10', 8.852824073047637)	('>50', 3.247135234785354)	('>100', 10.677417063812468)	('>500', 8.11026841867555)	('>1k', 24.543786059553348)	('>5k', 6.397387205492823)	('>10k+', 4.976515293933548)
BF16-gam_R1_001_trimmed_2U	(1.0, 42.247747180826224)	(2.0, 4.6242597868190805)	(3.0, 2.245422078563892)	(4.0, 1.5838733200790651)	(5.0, 1.2500959663684519)	(6.0, 1.0784936204560502)	(7.0, 0.9262186638421482)	(8.0, 0.9702952720760702)	(9.0, 0.8424491373059525)	('>10', 12.507245062437041)	('>50', 2.9087824685544206)	('>100', 1.2051442078144132)	('>500', 0.14502679235142776)	('>1k', 0.593756749862316)	('>5k', 0.0)	('>10k+', 26.871189692643462)
BF5-S5_R1_001_trimmed_1P	(1.0, 22.09854767235179)	(2.0, 13.208161339563773)	(3.0, 8.190199639349848)	(4.0, 5.38526114769722)	(5.0, 3.6702402184664917)	(6.0, 2.6086562202537062)	(7.0, 1.9901730309267107)	(8.0, 1.6198129704393334)	(9.0, 1.3942585719590919)	('>10', 16.643144044646974)	('>50', 6.0471563256996115)	('>100', 11.833341945385772)	('>500', 3.29130067977281)	('>1k', 1.9183210718976427)	('>5k', 0.10142512158915319)	('>10k+', 0.0)
BF5-S5_R1_001_trimmed_1U	(1.0, 37.03785382941774)	(2.0, 17.053418785360417)	(3.0, 8.888973476764686)	(4.0, 5.162318494654505)	(5.0, 3.23062550306739)	(6.0, 2.335507229323203)	(7.0, 1.7905548905953326)	(8.0, 1.464618368428378)	(9.0, 1.1282306042234715)	('>10', 14.374642485521798)	('>50', 3.8537656471860076)	('>100', 3.3869205374599627)	('>500', 0.2408279131842561)	('>1k', 0.05174223481285502)	('>5k', 0.0)	('>10k+', 0.0)
BF5-S5_R1_001_trimmed_2P	(1.0, 21.581911784478937)	(2.0, 13.014465824040133)	(3.0, 8.04302774430411)	(4.0, 5.120138982888873)	(5.0, 3.5526302201393043)	(6.0, 2.6074992704404014)	(7.0, 1.9881841331027308)	(8.0, 1.600500032644543)	(9.0, 1.3475960038388415)	('>10', 16.634517100724988)	('>50', 6.062848744833453)	('>100', 12.42946799120791)	('>500', 3.396542806227662)	('>1k', 2.439659968079877)	('>5k', 0.09613932113337303)	('>10k+', 0.08487007191491833)
BF5-S5_R1_001_trimmed_2U	(1.0, 72.6123557370325)	(2.0, 11.684616827596777)	(3.0, 4.721594999853299)	(4.0, 2.6923072364318217)	(5.0, 1.6118574772340626)	(6.0, 1.2094797413427636)	(7.0, 0.825582687827642)	(8.0, 0.6909041181641365)	(9.0, 0.48654016608972556)	('>10', 2.7161467556169003)	('>50', 0.08954329963572198)	('>100', 0.08631651406326353)	('>500', 0.5727544391113748)	('>1k', 0.0)	('>5k', 0.0)	('>10k+', 0.0)
BF5-WYS_R1_001_trimmed_1P	(1.0, 25.49086881508103)	(2.0, 15.899412198915375)	(3.0, 10.12324245618129)	(4.0, 6.440023968395961)	(5.0, 4.117991250039498)	(6.0, 2.9365729988255334)	(7.0, 2.1811028369403673)	(8.0, 1.761966911919118)	(9.0, 1.388912211389332)	('>10', 14.162169244870851)	('>50', 4.052101423782363)	('>100', 7.5622279879468195)	('>500', 2.1968495990002195)	('>1k', 1.6365570385573316)	('>5k', 0.05000105815482496)	('>10k+', 0.0)
BF5-WYS_R1_001_trimmed_1U	(1.0, 42.62588294445141)	(2.0, 18.814804482624695)	(3.0, 9.654540552687292)	(4.0, 5.339784892000288)	(5.0, 3.1097219750676937)	(6.0, 2.1282354764905818)	(7.0, 1.5195913693071246)	(8.0, 1.137847053243606)	(9.0, 0.9235916222112753)	('>10', 9.310547276280335)	('>50', 2.5781682925487694)	('>100', 2.546925793847544)	('>500', 0.23254540974776586)	('>1k', 0.07781285949157075)	('>5k', 0.0)	('>10k+', 0.0)
BF5-WYS_R1_001_trimmed_2P	(1.0, 25.673752788569043)	(2.0, 15.319671606274762)	(3.0, 9.657264894022108)	(4.0, 6.263720747618875)	(5.0, 4.211616877953854)	(6.0, 2.9369329606195627)	(7.0, 2.1280014307923656)	(8.0, 1.740585623487582)	(9.0, 1.3991017015897949)	('>10', 14.275437165279381)	('>50', 4.052930416000353)	('>100', 7.750957724181565)	('>500', 2.5415241039011947)	('>1k', 1.7745093762363287)	('>5k', 0.2033538705466031)	('>10k+', 0.07063871292671475)
BF5-WYS_R1_001_trimmed_2U	(1.0, 77.07234290491148)	(2.0, 10.157526053038634)	(3.0, 3.4623251247744444)	(4.0, 1.894250815783778)	(5.0, 1.1593181097854768)	(6.0, 0.8209820256088487)	(7.0, 0.5973382845538886)	(8.0, 0.4878777826410455)	(9.0, 0.39073230959927807)	('>10', 1.955286659370988)	('>50', 0.13936528899485917)	('>100', 0.10097724531962848)	('>500', 0.0)	('>1k', 1.7616773956176508)	('>5k', 0.0)	('>10k+', 0.0)
BF5-gam_R1_001_trimmed_1P	(1.0, 18.529713160067292)	(2.0, 13.026867050402483)	(3.0, 9.171389041117237)	(4.0, 5.973859184208084)	(5.0, 4.200368648951498)	(6.0, 3.0900821117419452)	(7.0, 2.152891265271472)	(8.0, 1.760170841538525)	(9.0, 1.3803240430869592)	('>10', 14.2727880062898)	('>50', 4.248868187898816)	('>100', 10.580637558004899)	('>500', 4.7542689236613995)	('>1k', 5.915302633523329)	('>5k', 0.7715833759369987)	('>10k+', 0.17088596829919458)
BF5-gam_R1_001_trimmed_1U	(1.0, 28.80367030690138)	(2.0, 16.393404204882557)	(3.0, 9.914429276531026)	(4.0, 6.174512976135707)	(5.0, 3.94215629295048)	(6.0, 2.5345784842009027)	(7.0, 1.859736599319412)	(8.0, 1.4148279824263232)	(9.0, 1.169898783121301)	('>10', 11.946756218202495)	('>50', 4.561760705405276)	('>100', 8.742466979251807)	('>500', 1.6526275147241123)	('>1k', 0.8891736759472153)	('>5k', 0.0)	('>10k+', 0.0)
BF5-gam_R1_001_trimmed_2P	(1.0, 18.364298260326915)	(2.0, 12.704264811044913)	(3.0, 8.763540098432436)	(4.0, 5.970472018529742)	(5.0, 4.021539764840254)	(6.0, 2.850710659188354)	(7.0, 2.199248532728674)	(8.0, 1.7390585678522794)	(9.0, 1.420225737514047)	('>10', 14.408117252119245)	('>50', 4.074639812564093)	('>100', 10.58309094709519)	('>500', 5.194515188277025)	('>1k', 6.478454483649244)	('>5k', 0.7957663475277479)	('>10k+', 0.43205751830970873)
BF5-gam_R1_001_trimmed_2U	(1.0, 78.84992092286454)	(2.0, 7.082108198403188)	(3.0, 3.0540277420461384)	(4.0, 1.8279663513533588)	(5.0, 1.2609569505439924)	(6.0, 0.9812146846603061)	(7.0, 0.8769151099558299)	(8.0, 0.6206149432257523)	(9.0, 0.44344386887323123)	('>10', 4.049822730793418)	('>50', 0.3359904581685149)	('>100', 0.16919007424132898)	('>500', 0.4478279648704103)	('>1k', 0.0)	('>5k', 0.0)	('>10k+', 0.0)
Cross-S5-1_R1_001_trimmed_1P	(1.0, 25.181221466984805)	(2.0, 15.32978374829795)	(3.0, 9.567555315369662)	(4.0, 6.1687206213958)	(5.0, 4.085312306241742)	(6.0, 2.789720154316933)	(7.0, 2.1599067197218176)	(8.0, 1.617444771493872)	(9.0, 1.3986808177632446)	('>10', 13.541719787678218)	('>50', 3.9990582227448335)	('>100', 8.453538216458108)	('>500', 2.8927836856279776)	('>1k', 2.5155642620310434)	('>5k', 0.23439015000217056)	('>10k+', 0.06459975387182453)
Cross-S5-1_R1_001_trimmed_1U	(1.0, 41.970580201754856)	(2.0, 18.373233486523958)	(3.0, 9.12233909109693)	(4.0, 4.981914386387467)	(5.0, 3.013641239728288)	(6.0, 1.9890414737136592)	(7.0, 1.41917994078364)	(8.0, 1.0900245789711343)	(9.0, 0.9402111173478716)	('>10', 9.8117242638549)	('>50', 3.068525091057308)	('>100', 3.784725275455546)	('>500', 0.26541348475157156)	('>1k', 0.1694463685728557)	('>5k', 0.0)	('>10k+', 0.0)
Cross-S5-1_R1_001_trimmed_2P	(1.0, 25.620015971435983)	(2.0, 14.707916450725083)	(3.0, 9.30467873023087)	(4.0, 5.976472624014788)	(5.0, 3.9275361574568444)	(6.0, 2.818477154853979)	(7.0, 2.066669253819588)	(8.0, 1.6488637451060626)	(9.0, 1.3376736339224407)	('>10', 13.714116341238519)	('>50', 3.9820463996875723)	('>100', 8.541016359640317)	('>500', 3.223932918411069)	('>1k', 2.7269666558943406)	('>5k', 0.30844465845106084)	('>10k+', 0.09517294511141894)
Cross-S5-1_R1_001_trimmed_2U	(1.0, 75.72266427646476)	(2.0, 10.151734437748921)	(3.0, 3.943483475105565)	(4.0, 2.2250434757742283)	(5.0, 1.2788887306385912)	(6.0, 0.9661015954060914)	(7.0, 0.7633651048099299)	(8.0, 0.6133817255771898)	(9.0, 0.41512837147294374)	('>10', 2.460964820195002)	('>50', 0.194236650246138)	('>100', 0.08806492193363037)	('>500', 0.0)	('>1k', 1.1769424146270226)	('>5k', 0.0)	('>10k+', 0.0)
Cross-S5-2_R1_001_trimmed_1P	(1.0, 25.45401344944544)	(2.0, 15.910099708523608)	(3.0, 10.079129776054268)	(4.0, 6.613530157299728)	(5.0, 4.538466332462058)	(6.0, 3.0658844061828296)	(7.0, 2.281770717810449)	(8.0, 1.7700248629622286)	(9.0, 1.4888361431839308)	('>10', 15.076357084687878)	('>50', 4.014525279257314)	('>100', 6.864947294009488)	('>500', 1.6757103672520055)	('>1k', 1.127582398941368)	('>5k', 0.03912202192741502)	('>10k+', 0.0)
Cross-S5-2_R1_001_trimmed_1U	(1.0, 43.041389409747346)	(2.0, 19.35065853228436)	(3.0, 9.900352621943089)	(4.0, 5.392700545511511)	(5.0, 3.1347145960766203)	(6.0, 2.152766931763033)	(7.0, 1.4614823333597857)	(8.0, 1.2064365069905014)	(9.0, 0.9549288111384211)	('>10', 9.179841128024242)	('>50', 2.0599460445027318)	('>100', 1.95559200907875)	('>500', 0.1754345658391693)	('>1k', 0.03375596374035693)	('>5k', 0.0)	('>10k+', 0.0)
Cross-S5-2_R1_001_trimmed_2P	(1.0, 24.982752834392098)	(2.0, 15.304852244873452)	(3.0, 9.725676508211729)	(4.0, 6.317327207730856)	(5.0, 4.178377078690586)	(6.0, 3.1281221386343407)	(7.0, 2.288120226947133)	(8.0, 1.7498890155601101)	(9.0, 1.451961063714726)	('>10', 15.267407597628255)	('>50', 4.171282999263977)	('>100', 7.753457506023005)	('>500', 2.021590562456739)	('>1k', 1.4179466127696347)	('>5k', 0.16783537637959378)	('>10k+', 0.07340102672381892)
Cross-S5-2_R1_001_trimmed_2U	(1.0, 87.02604510954617)	(2.0, 6.402673542185941)	(3.0, 2.1665383223916996)	(4.0, 1.047390787618361)	(5.0, 0.6064121472808368)	(6.0, 0.48398577992053066)	(7.0, 0.3590784862697457)	(8.0, 0.1827575699260617)	(9.0, 0.13390957708408202)	('>10', 0.879861735190317)	('>50', 0.10452242680062812)	('>100', 0.0)	('>500', 0.0)	('>1k', 0.6068245157856372)	('>5k', 0.0)	('>10k+', 0.0)
Cross-S5-3_R1_001_trimmed_1P	(1.0, 22.312419840573558)	(2.0, 13.38479852542688)	(3.0, 8.162508300493784)	(4.0, 5.1759320658961485)	(5.0, 3.41506490073853)	(6.0, 2.481434790965444)	(7.0, 1.8062733882317377)	(8.0, 1.3417664614944127)	(9.0, 1.1504978913054884)	('>10', 12.195158822879213)	('>50', 4.1307325466096705)	('>100', 11.114778044549395)	('>500', 5.439116262647378)	('>1k', 6.996248160650732)	('>5k', 0.5741616365138684)	('>10k+', 0.319108361023767)
Cross-S5-3_R1_001_trimmed_1U	(1.0, 37.024441574900465)	(2.0, 16.439777574646623)	(3.0, 8.30790953967169)	(4.0, 4.459072109071978)	(5.0, 2.5946860208864804)	(6.0, 1.8850838192689476)	(7.0, 1.307303072524952)	(8.0, 1.0544742666964773)	(9.0, 0.8554327185856617)	('>10', 10.878821351001168)	('>50', 4.83810471890832)	('>100', 8.689546285180802)	('>500', 1.034329360752328)	('>1k', 0.6310175879040383)	('>5k', 0.0)	('>10k+', 0.0)
Cross-S5-3_R1_001_trimmed_2P	(1.0, 22.037243071237018)	(2.0, 13.02757638973661)	(3.0, 8.035567963021748)	(4.0, 5.139620638877018)	(5.0, 3.3626042543703973)	(6.0, 2.4350161041795793)	(7.0, 1.772310641389215)	(8.0, 1.4656015879676696)	(9.0, 1.1794876168375403)	('>10', 12.004241116193889)	('>50', 3.7910181474459073)	('>100', 10.987917678312472)	('>500', 5.938107586320789)	('>1k', 7.504034910859729)	('>5k', 0.7691061737782704)	('>10k+', 0.5505461194721)
Cross-S5-3_R1_001_trimmed_2U	(1.0, 69.7961369869292)	(2.0, 9.54434975363669)	(3.0, 4.0849200685369045)	(4.0, 2.6897536072824955)	(5.0, 1.8720813552230098)	(6.0, 1.3519470353392655)	(7.0, 1.1251097677529254)	(8.0, 0.9821568515102862)	(9.0, 0.8683908539386935)	('>10', 6.277469407236805)	('>50', 0.4939243202153375)	('>100', 0.2693431058674262)	('>500', 0.6444168865309481)	('>1k', 0.0)	('>5k', 0.0)	('>10k+', 0.0)
Cross-WYS-1_R1_001_trimmed_1P	(1.0, 25.33167294524136)	(2.0, 15.8964458301569)	(3.0, 10.335831883350279)	(4.0, 6.72671825148949)	(5.0, 4.483518009558736)	(6.0, 3.139466023646192)	(7.0, 2.2591293270216815)	(8.0, 1.7596693255320799)	(9.0, 1.400057288852491)	('>10', 12.486034105868661)	('>50', 3.164969371773297)	('>100', 7.3141456479531675)	('>500', 2.84823768133614)	('>1k', 2.5931967115540724)	('>5k', 0.18475375794270882)	('>10k+', 0.07615383872265374)
Cross-WYS-1_R1_001_trimmed_1U	(1.0, 41.51769007115985)	(2.0, 19.187215627593332)	(3.0, 10.044965509034375)	(4.0, 5.520396987641092)	(5.0, 3.2258030662135817)	(6.0, 2.0692493005428276)	(7.0, 1.3622706457573135)	(8.0, 1.0139997768078284)	(9.0, 0.7339773260144191)	('>10', 8.053610240295795)	('>50', 2.98744987921816)	('>100', 3.8200102468531623)	('>500', 0.2803717438944274)	('>1k', 0.18298957897380294)	('>5k', 0.0)	('>10k+', 0.0)
Cross-WYS-1_R1_001_trimmed_2P	(1.0, 25.28836954048643)	(2.0, 15.57729608641399)	(3.0, 10.160834294566792)	(4.0, 6.622273568489845)	(5.0, 4.3098646424275096)	(6.0, 3.1677790215302495)	(7.0, 2.305148393887854)	(8.0, 1.7707577634482254)	(9.0, 1.408509350287595)	('>10', 12.425212566723589)	('>50', 3.1183311459193135)	('>100', 7.5374062258642684)	('>500', 2.9759623859144377)	('>1k', 2.9358912039547587)	('>5k', 0.21400519801814344)	('>10k+', 0.18235861206712048)
Cross-WYS-1_R1_001_trimmed_2U	(1.0, 76.36242283400418)	(2.0, 10.200129475050874)	(3.0, 3.6992611611072297)	(4.0, 2.081514216127854)	(5.0, 1.3434666044253272)	(6.0, 1.0379741797247615)	(7.0, 0.6810660345080783)	(8.0, 0.45799557951794234)	(9.0, 0.41773833541468297)	('>10', 2.50274107984992)	('>50', 0.12256280247945059)	('>100', 0.10931276977896945)	('>500', 0.0)	('>1k', 0.9838149280107249)	('>5k', 0.0)	('>10k+', 0.0)
Cross-WYS-2_R1_001_trimmed_1P	(1.0, 27.307297362452076)	(2.0, 16.50053191408722)	(3.0, 10.168117301281915)	(4.0, 6.420604461382583)	(5.0, 4.35263395879209)	(6.0, 3.0169287765236086)	(7.0, 2.267205578440832)	(8.0, 1.8250788479148776)	(9.0, 1.462696167763776)	('>10', 13.700350034032152)	('>50', 3.24200597876176)	('>100', 6.3104626861059065)	('>500', 1.8422497574201064)	('>1k', 1.5006689655780217)	('>5k', 0.0831682094632134)	('>10k+', 0.0)
Cross-WYS-2_R1_001_trimmed_1U	(1.0, 47.21819410532635)	(2.0, 19.68332807326179)	(3.0, 9.448322969824648)	(4.0, 4.889398008983431)	(5.0, 2.827144096863167)	(6.0, 1.869320312418234)	(7.0, 1.2192198475247396)	(8.0, 1.006126903420376)	(9.0, 0.7542190399455333)	('>10', 7.281598499167882)	('>50', 1.8632984543939486)	('>100', 1.7609898718885193)	('>500', 0.1351521622031468)	('>1k', 0.04368765477823238)	('>5k', 0.0)	('>10k+', 0.0)
Cross-WYS-2_R1_001_trimmed_2P	(1.0, 26.640360357256498)	(2.0, 15.994910432315617)	(3.0, 10.013670221063093)	(4.0, 6.350588503614715)	(5.0, 4.340784941927875)	(6.0, 3.0283144725594746)	(7.0, 2.304896505659067)	(8.0, 1.8177962633936908)	(9.0, 1.4403902533568278)	('>10', 14.203955050587638)	('>50', 3.3441031986488854)	('>100', 6.616018194668176)	('>500', 1.9614507025829964)	('>1k', 1.6696434540709029)	('>5k', 0.202429679418738)	('>10k+', 0.07068776887573179)
Cross-WYS-2_R1_001_trimmed_2U	(1.0, 86.8609000858446)	(2.0, 6.467752747417737)	(3.0, 2.1188298847964453)	(4.0, 1.0649690960206415)	(5.0, 0.6792237186263917)	(6.0, 0.4163521442979175)	(7.0, 0.3770647958847721)	(8.0, 0.24762612741068488)	(9.0, 0.1868628694643509)	('>10', 1.058791476369082)	('>50', 0.11088190609011075)	('>100', 0.0)	('>500', 0.4107451477772799)	('>1k', 0.0)	('>5k', 0.0)	('>10k+', 0.0)
Cross-WYS-3_R1_001_trimmed_1P	(1.0, 25.77505045199086)	(2.0, 16.13710315847106)	(3.0, 10.468056424663459)	(4.0, 6.667919924081257)	(5.0, 4.492098694568634)	(6.0, 3.082051101645596)	(7.0, 2.2983062366437226)	(8.0, 1.7924803634646984)	(9.0, 1.3501190809999124)	('>10', 12.643555329867763)	('>50', 2.919974291203581)	('>100', 6.662277566321125)	('>500', 2.640020629489153)	('>1k', 2.720794770196512)	('>5k', 0.27745791918785884)	('>10k+', 0.07273405720475391)
Cross-WYS-3_R1_001_trimmed_1U	(1.0, 43.24834426848767)	(2.0, 19.617660262403508)	(3.0, 9.848248362432377)	(4.0, 5.2373144008604715)	(5.0, 3.1104035434550665)	(6.0, 1.9154904963581576)	(7.0, 1.298210026965288)	(8.0, 0.9654205195384546)	(9.0, 0.7756751288610733)	('>10', 7.275417213756407)	('>50', 2.5392162015923767)	('>100', 3.6486157136965627)	('>500', 0.3264224110539971)	('>1k', 0.1935614505385302)	('>5k', 0.0)	('>10k+', 0.0)
Cross-WYS-3_R1_001_trimmed_2P	(1.0, 25.680881472823653)	(2.0, 15.737375161060827)	(3.0, 10.362729199855526)	(4.0, 6.623964293121171)	(5.0, 4.474881658270693)	(6.0, 3.13155666314061)	(7.0, 2.3035678750005633)	(8.0, 1.7417344525791634)	(9.0, 1.43718080610376)	('>10', 12.732894527202676)	('>50', 2.9396168402609044)	('>100', 6.675989112697655)	('>500', 2.745611772211637)	('>1k', 2.995151308829549)	('>5k', 0.24914533721828916)	('>10k+', 0.16771951962336373)
Cross-WYS-3_R1_001_trimmed_2U	(1.0, 85.98378079382285)	(2.0, 6.022107367112987)	(3.0, 2.0749967025193596)	(4.0, 1.0988797226323685)	(5.0, 0.826011225215886)	(6.0, 0.5256257727949358)	(7.0, 0.4050513025968724)	(8.0, 0.3218771598260515)	(9.0, 0.20474741215864184)	('>10', 1.8925856387413988)	('>50', 0.08169012493307472)	('>100', 0.05945494299862834)	('>500', 0.0)	('>1k', 0.5031918346469276)	('>5k', 0.0)	('>10k+', 0.0)
Cross-gam-1_R1_001_trimmed_1P	(1.0, 25.64867071783875)	(2.0, 15.874394770799292)	(3.0, 9.621544080818492)	(4.0, 6.026314788555366)	(5.0, 4.026229239610679)	(6.0, 2.633640347488381)	(7.0, 2.007554687783299)	(8.0, 1.5034967181117254)	(9.0, 1.236841127064745)	('>10', 12.042270972787971)	('>50', 3.5859949171922234)	('>100', 9.080361829396406)	('>500', 3.6559041085729813)	('>1k', 2.7443831794796254)	('>5k', 0.22785005084908697)	('>10k+', 0.08454846365093877)
Cross-gam-1_R1_001_trimmed_1U	(1.0, 42.041121174517585)	(2.0, 18.091985295443724)	(3.0, 8.804633188340688)	(4.0, 4.736524964299396)	(5.0, 2.7946926773348912)	(6.0, 1.8473412563730893)	(7.0, 1.289256345777295)	(8.0, 1.0155263796663028)	(9.0, 0.8240372075439145)	('>10', 9.388888087734577)	('>50', 3.8203896678828073)	('>100', 4.795282146559441)	('>500', 0.3527951926363429)	('>1k', 0.19752641588988373)	('>5k', 0.0)	('>10k+', 0.0)
Cross-gam-1_R1_001_trimmed_2P	(1.0, 25.56191213266161)	(2.0, 15.267459570378772)	(3.0, 9.260299540239993)	(4.0, 6.090930203199222)	(5.0, 3.896276775905172)	(6.0, 2.68581717548378)	(7.0, 1.956783062119141)	(8.0, 1.5814012712118526)	(9.0, 1.1672629231629725)	('>10', 12.092670785520298)	('>50', 3.5530838179275754)	('>100', 9.370735680485152)	('>500', 3.7262734266704083)	('>1k', 3.3209030261422994)	('>5k', 0.2617485892970939)	('>10k+', 0.2064420195945244)
Cross-gam-1_R1_001_trimmed_2U	(1.0, 75.6840796099979)	(2.0, 9.376621156140114)	(3.0, 3.7341638125052263)	(4.0, 2.2610860692919448)	(5.0, 1.499680815555952)	(6.0, 1.0306599408534851)	(7.0, 0.7727975508871432)	(8.0, 0.5531209252144286)	(9.0, 0.4961401284333886)	('>10', 3.1208742505035647)	('>50', 0.17767760624901688)	('>100', 0.12009690052016882)	('>500', 0.0)	('>1k', 1.1730012338476763)	('>5k', 0.0)	('>10k+', 0.0)
Cross-gam-2_R1_001_trimmed_1P	(1.0, 25.23818663333363)	(2.0, 15.429965594036817)	(3.0, 9.861563124207724)	(4.0, 6.2149770300448814)	(5.0, 4.310942826612969)	(6.0, 3.036988725594584)	(7.0, 2.3541779260024702)	(8.0, 1.7709544097947443)	(9.0, 1.497998774080005)	('>10', 16.06435512736182)	('>50', 4.581271135730461)	('>100', 7.277805798293009)	('>500', 1.5902533682100009)	('>1k', 0.770559526696907)	('>5k', 0.0)	('>10k+', 0.0)
Cross-gam-2_R1_001_trimmed_1U	(1.0, 41.43002211421841)	(2.0, 19.314566014564345)	(3.0, 9.851178209239855)	(4.0, 5.459436841748022)	(5.0, 3.310874916174095)	(6.0, 2.2975024069985626)	(7.0, 1.6005230121959382)	(8.0, 1.25553893182144)	(9.0, 1.0917905195784214)	('>10', 10.397178795383608)	('>50', 2.2134434745218527)	('>100', 1.720798443436607)	('>500', 0.057146320118950614)	('>1k', 0.0)	('>5k', 0.0)	('>10k+', 0.0)
Cross-gam-2_R1_001_trimmed_2P	(1.0, 24.92400732254396)	(2.0, 14.995694763713427)	(3.0, 9.567067763109693)	(4.0, 6.224464810585214)	(5.0, 4.259241075342733)	(6.0, 2.9249962293338374)	(7.0, 2.2833819145961476)	(8.0, 1.7984270075121398)	(9.0, 1.4160135745233748)	('>10', 16.209067725982532)	('>50', 4.708799950124335)	('>100', 7.799998893493601)	('>500', 1.634144406679868)	('>1k', 1.174978492006192)	('>5k', 0.0797160704528656)	('>10k+', 0.0)
Cross-gam-2_R1_001_trimmed_2U	(1.0, 78.61126512352303)	(2.0, 10.955902535890576)	(3.0, 3.6629902672044516)	(4.0, 1.8697666416855212)	(5.0, 1.0207459451966747)	(6.0, 0.601710172880958)	(7.0, 0.4063708869389048)	(8.0, 0.3204392497562902)	(9.0, 0.22992704378247408)	('>10', 1.1829945599802634)	('>50', 0.057873115164502095)	('>100', 0.0)	('>500', 0.0)	('>1k', 1.0800144579963702)	('>5k', 0.0)	('>10k+', 0.0)
Cross-gam-3_R1_001_trimmed_1P	(1.0, 27.679314982169608)	(2.0, 16.534300081445494)	(3.0, 10.084536397428776)	(4.0, 6.452551037507524)	(5.0, 4.225633053937912)	(6.0, 3.117738660182159)	(7.0, 2.2463943060250577)	(8.0, 1.777381426458215)	(9.0, 1.4030585984807136)	('>10', 15.147759606731235)	('>50', 4.049885063787681)	('>100', 5.788709099623426)	('>500', 0.943308441918712)	('>1k', 0.5494292443034905)	('>5k', 0.0)	('>10k+', 0.0)
Cross-gam-3_R1_001_trimmed_1U	(1.0, 49.05525639500171)	(2.0, 19.11447989132142)	(3.0, 9.161448341333605)	(4.0, 4.845454374072192)	(5.0, 2.9419751593219865)	(6.0, 1.9347231318392333)	(7.0, 1.4494209501153072)	(8.0, 1.0615801879864875)	(9.0, 0.887392719291665)	('>10', 7.8011664025095975)	('>50', 1.1126137840135177)	('>100', 0.6344886631933038)	('>500', 0.0)	('>1k', 0.0)	('>5k', 0.0)	('>10k+', 0.0)
Cross-gam-3_R1_001_trimmed_2P	(1.0, 27.4314812265516)	(2.0, 16.07176110365947)	(3.0, 9.82596931993052)	(4.0, 6.360912945190403)	(5.0, 4.251113885716988)	(6.0, 2.9470110261125146)	(7.0, 2.2215122180610583)	(8.0, 1.6811281328232008)	(9.0, 1.4055681836635276)	('>10', 15.363464616290068)	('>50', 4.319355230881115)	('>100', 6.154358858144404)	('>500', 1.114747984508597)	('>1k', 0.8516152684664694)	('>5k', 0.0)	('>10k+', 0.0)
Cross-gam-3_R1_001_trimmed_2U	(1.0, 84.29001040314797)	(2.0, 8.393650384664983)	(3.0, 2.8197093595485936)	(4.0, 1.1998844635995984)	(5.0, 0.7822043292220013)	(6.0, 0.38201505598864977)	(7.0, 0.20697192247273716)	(8.0, 0.1504619003105654)	(9.0, 0.10478596628771518)	('>10', 0.7272325181677326)	('>50', 0.0)	('>100', 0.0)	('>500', 0.0)	('>1k', 0.9430736965894365)	('>5k', 0.0)	('>10k+', 0.0)
RESUB-WT-WYS-4_R1_001_trimmed_1P	(1.0, 26.3917029804288)	(2.0, 16.899167809273575)	(3.0, 11.10861335662972)	(4.0, 7.410771047913888)	(5.0, 4.819532210954288)	(6.0, 3.452455841626249)	(7.0, 2.620558558864723)	(8.0, 1.9316062615583662)	(9.0, 1.6401897194172923)	('>10', 14.580144899907744)	('>50', 3.4343817466145046)	('>100', 4.429338225372031)	('>500', 0.8061018267404241)	('>1k', 0.47543551469859285)	('>5k', 0.0)	('>10k+', 0.0)
RESUB-WT-WYS-4_R1_001_trimmed_1U	(1.0, 44.98436761678159)	(2.0, 20.75310111444239)	(3.0, 10.516381139100043)	(4.0, 5.710914596281547)	(5.0, 3.3982890881497028)	(6.0, 2.0960257509899423)	(7.0, 1.5118231292578297)	(8.0, 1.1052957450378538)	(9.0, 0.8878949589315588)	('>10', 7.103590457048398)	('>50', 1.234057019054586)	('>100', 0.6514976539357304)	('>500', 0.04676173098884438)	('>1k', 0.0)	('>5k', 0.0)	('>10k+', 0.0)
RESUB-WT-WYS-4_R1_001_trimmed_2P	(1.0, 26.17376900136199)	(2.0, 16.337921002943112)	(3.0, 10.795389628085353)	(4.0, 7.22183941590472)	(5.0, 4.933298288274832)	(6.0, 3.3805593271333603)	(7.0, 2.567244684750357)	(8.0, 1.9605797527098698)	(9.0, 1.535868932249715)	('>10', 14.869391094248124)	('>50', 3.5399043215291264)	('>100', 5.1183109815663554)	('>500', 0.9183926681492505)	('>1k', 0.5991707033613469)	('>5k', 0.048360197732553525)	('>10k+', 0.0)
RESUB-WT-WYS-4_R1_001_trimmed_2U	(1.0, 81.86084200895867)	(2.0, 10.110957163743073)	(3.0, 3.2120523243337655)	(4.0, 1.4595450467718845)	(5.0, 0.8044901079188859)	(6.0, 0.4824866874640306)	(7.0, 0.3076646908320159)	(8.0, 0.11224559950271604)	(9.0, 0.1497860360510001)	('>10', 0.6782065397774627)	('>50', 0.05163120754434877)	('>100', 0.0)	('>500', 0.7700925871021512)	('>1k', 0.0)	('>5k', 0.0)	('>10k+', 0.0)
RNAi-S5-1_R1_001_trimmed_1P	(1.0, 17.87355793106814)	(2.0, 12.968269174361827)	(3.0, 9.532442087579948)	(4.0, 6.682648505164057)	(5.0, 4.754017416790434)	(6.0, 3.464987350207095)	(7.0, 2.643229073991543)	(8.0, 2.0831259534556943)	(9.0, 1.7474070423823862)	('>10', 19.537389802340186)	('>50', 5.966896324263444)	('>100', 9.542592512771103)	('>500', 1.8298474578114157)	('>1k', 1.3175415476334182)	('>5k', 0.056047820179303466)	('>10k+', 0.0)
RNAi-S5-1_R1_001_trimmed_1U	(1.0, 31.141918049485113)	(2.0, 17.082294124793393)	(3.0, 11.02727189669909)	(4.0, 6.94405426711226)	(5.0, 4.550543241568162)	(6.0, 3.1271674708807566)	(7.0, 2.4275528415815373)	(8.0, 1.8061121831341096)	(9.0, 1.5161512854208115)	('>10', 14.598658571514376)	('>50', 2.993403637815532)	('>100', 2.568768563446099)	('>500', 0.17510109068237933)	('>1k', 0.04100277586638224)	('>5k', 0.0)	('>10k+', 0.0)
RNAi-S5-1_R1_001_trimmed_2P	(1.0, 17.891865278232178)	(2.0, 12.14824027246937)	(3.0, 8.78338690629906)	(4.0, 6.119205816051939)	(5.0, 4.5635211368804915)	(6.0, 3.2477455654533056)	(7.0, 2.5644096485388874)	(8.0, 2.0203952112183505)	(9.0, 1.6488344729273092)	('>10', 19.277793005482533)	('>50', 6.289784808536061)	('>100', 10.51677145658338)	('>500', 2.471643635648574)	('>1k', 2.2774843945999717)	('>5k', 0.17891839107843371)	('>10k+', 0.0)
RNAi-S5-1_R1_001_trimmed_2U	(1.0, 78.48830348889618)	(2.0, 10.050590064398483)	(3.0, 3.8025169287457654)	(4.0, 1.9009170943778193)	(5.0, 1.186289134120181)	(6.0, 0.7445427110306299)	(7.0, 0.5509692225596967)	(8.0, 0.40381595193816283)	(9.0, 0.3541945002169479)	('>10', 1.8094719032822342)	('>50', 0.09838736117137442)	('>100', 0.0)	('>500', 0.6100016392625214)	('>1k', 0.0)	('>5k', 0.0)	('>10k+', 0.0)
RNAi-S5-2_R1_001_trimmed_1P	(1.0, 21.547785847666034)	(2.0, 14.03179315058737)	(3.0, 9.281501540301097)	(4.0, 6.120255290903567)	(5.0, 4.075260676345869)	(6.0, 2.926136185799692)	(7.0, 2.0811564848651)	(8.0, 1.6872964535360615)	(9.0, 1.3395036226158201)	('>10', 13.116755774889077)	('>50', 4.056783132009906)	('>100', 9.626625973223447)	('>500', 4.089888682332294)	('>1k', 5.092439995640821)	('>5k', 0.5172861135665269)	('>10k+', 0.40953107571730885)
RNAi-S5-2_R1_001_trimmed_1U	(1.0, 36.32574133350047)	(2.0, 17.327820096572584)	(3.0, 9.335968557375722)	(4.0, 5.222256686625001)	(5.0, 3.0923433910181477)	(6.0, 2.0829921764785735)	(7.0, 1.4560771216413553)	(8.0, 1.125664359472001)	(9.0, 0.9132789441192023)	('>10', 10.572755916205958)	('>50', 3.9422626153077447)	('>100', 6.535665608062271)	('>500', 1.115306400492681)	('>1k', 0.7921013853578635)	('>5k', 0.1597654077703997)	('>10k+', 0.0)
RNAi-S5-2_R1_001_trimmed_2P	(1.0, 21.23421946184894)	(2.0, 13.53888575620274)	(3.0, 9.059249603017932)	(4.0, 5.948738572170989)	(5.0, 4.07571214845323)	(6.0, 2.9354950511151654)	(7.0, 2.1358517562173636)	(8.0, 1.7061815879796438)	(9.0, 1.3333995113872363)	('>10', 13.047815614738367)	('>50', 3.867680264258644)	('>100', 9.6485707808477)	('>500', 4.4213724085557775)	('>1k', 5.546118200640481)	('>5k', 0.8675094906807086)	('>10k+', 0.633199791885132)
RNAi-S5-2_R1_001_trimmed_2U	(1.0, 78.34067261263743)	(2.0, 6.580280980746639)	(3.0, 2.727944160376844)	(4.0, 1.6671846910225705)	(5.0, 1.1981890378875515)	(6.0, 0.8831922817422816)	(7.0, 0.7024232066842001)	(8.0, 0.6795033542936025)	(9.0, 0.4522260751145672)	('>10', 4.790511016459767)	('>50', 0.8122728639617426)	('>100', 0.8482686293617965)	('>500', 0.3173310897110015)	('>1k', 0.0)	('>5k', 0.0)	('>10k+', 0.0)
RNAi-S5-3_R1_001_trimmed_1P	(1.0, 18.32843939680823)	(2.0, 12.029052988900958)	(3.0, 7.966871527345411)	(4.0, 5.435919426871102)	(5.0, 3.7173505927112793)	(6.0, 2.688968739143669)	(7.0, 1.9531782739187387)	(8.0, 1.5011364436111814)	(9.0, 1.2699787613640168)	('>10', 14.437235292229348)	('>50', 4.759272702240701)	('>100', 11.87606167335432)	('>500', 5.211237613783257)	('>1k', 7.487071728235814)	('>5k', 0.8760329393193872)	('>10k+', 0.4621919001627185)
RNAi-S5-3_R1_001_trimmed_1U	(1.0, 32.307290251314406)	(2.0, 16.179652202880174)	(3.0, 9.044344743449582)	(4.0, 5.27932600469131)	(5.0, 3.289786965919922)	(6.0, 2.265331932280361)	(7.0, 1.6777938695073369)	(8.0, 1.3396165149779722)	(9.0, 1.0876429124192442)	('>10', 12.864235205157563)	('>50', 4.624430165752344)	('>100', 7.888104288955258)	('>500', 1.3817024819871644)	('>1k', 0.7707424607074121)	('>5k', 0.0)	('>10k+', 0.0)
RNAi-S5-3_R1_001_trimmed_2P	(1.0, 17.967711778023997)	(2.0, 11.670291699339328)	(3.0, 7.748673245629554)	(4.0, 5.118317195868384)	(5.0, 3.5322226851114995)	(6.0, 2.565882765050367)	(7.0, 1.9637789905875396)	(8.0, 1.5251687863309935)	(9.0, 1.2664299230973084)	('>10', 14.188168447925536)	('>50', 4.848478889057695)	('>100', 11.598984754900068)	('>500', 5.723234426127004)	('>1k', 8.45819716817101)	('>5k', 0.9471558850942603)	('>10k+', 0.8773033596854453)
RNAi-S5-3_R1_001_trimmed_2U	(1.0, 74.99508268249824)	(2.0, 7.416925646992617)	(3.0, 3.3629249536072776)	(4.0, 2.041242670648783)	(5.0, 1.3809814436379715)	(6.0, 1.223239884582999)	(7.0, 0.8478466310093904)	(8.0, 0.7100542012863521)	(9.0, 0.5965408262261839)	('>10', 6.06115793928848)	('>50', 0.5884699175813597)	('>100', 0.42722526301229513)	('>500', 0.34830793962803985)	('>1k', 0.0)	('>5k', 0.0)	('>10k+', 0.0)
RNAi-WYS-1_R1_001_trimmed_1P	(1.0, 25.785246299621793)	(2.0, 15.747391667924932)	(3.0, 9.830995311406621)	(4.0, 6.137144060850889)	(5.0, 4.097997427651847)	(6.0, 2.837354760063559)	(7.0, 2.0852798224934888)	(8.0, 1.6319277925952287)	(9.0, 1.3387214117688657)	('>10', 12.470396314401665)	('>50', 3.2370571286247145)	('>100', 7.2958227612768365)	('>500', 3.164275703114682)	('>1k', 3.8429055216181895)	('>5k', 0.4082887214530709)	('>10k+', 0.0891952951336411)
RNAi-WYS-1_R1_001_trimmed_1U	(1.0, 44.88971596272703)	(2.0, 18.712826216684057)	(3.0, 8.971612676422174)	(4.0, 4.6795063908003085)	(5.0, 2.621506949080317)	(6.0, 1.7033231404523435)	(7.0, 1.2076158941433723)	(8.0, 0.9198832851041586)	(9.0, 0.7709188880584843)	('>10', 7.836821803777158)	('>50', 2.767816120406366)	('>100', 4.265791368841343)	('>500', 0.4058607588842941)	('>1k', 0.2468005446186485)	('>5k', 0.0)	('>10k+', 0.0)
RNAi-WYS-1_R1_001_trimmed_2P	(1.0, 25.87103734805985)	(2.0, 15.260629740372494)	(3.0, 9.460042447008474)	(4.0, 6.15843050250762)	(5.0, 4.027208095086266)	(6.0, 2.8934237549011597)	(7.0, 2.053039894577071)	(8.0, 1.628221982625988)	(9.0, 1.2947755820081095)	('>10', 12.734430416469813)	('>50', 3.227560913185992)	('>100', 7.437663343336299)	('>500', 3.3584477021343098)	('>1k', 3.933806068694575)	('>5k', 0.37854414253999924)	('>10k+', 0.2827380664919391)
RNAi-WYS-1_R1_001_trimmed_2U	(1.0, 75.92319335386038)	(2.0, 9.427812531796222)	(3.0, 3.4657657324101208)	(4.0, 1.961076601829921)	(5.0, 1.3768943263548625)	(6.0, 1.0476496920186333)	(7.0, 0.7965451325600741)	(8.0, 0.6257261129792034)	(9.0, 0.49613995020393026)	('>10', 3.735262228672067)	('>50', 0.24835957575054254)	('>100', 0.0978635414381277)	('>500', 0.7977112201259148)	('>1k', 0.0)	('>5k', 0.0)	('>10k+', 0.0)
RNAi-WYS-2_R1_001_trimmed_1P	(1.0, 25.59973580082798)	(2.0, 15.651706645278015)	(3.0, 9.64326510149443)	(4.0, 6.02009619122119)	(5.0, 3.8620374969439495)	(6.0, 2.740856125292229)	(7.0, 2.0050874863223047)	(8.0, 1.4320009512092815)	(9.0, 1.2041752807275434)	('>10', 10.498347890461925)	('>50', 2.8060490594254857)	('>100', 7.582493409019361)	('>500', 3.9757238783111832)	('>1k', 6.06084487992172)	('>5k', 0.5781136839438061)	('>10k+', 0.3394661195994903)
RNAi-WYS-2_R1_001_trimmed_1U	(1.0, 44.14338104478337)	(2.0, 17.71217415551469)	(3.0, 8.447974178240852)	(4.0, 4.25582482532411)	(5.0, 2.3367204693516794)	(6.0, 1.48316604823978)	(7.0, 1.0151224229862357)	(8.0, 0.7729896266968208)	(9.0, 0.6485306275952321)	('>10', 7.589544353415271)	('>50', 3.395734218634725)	('>100', 6.690559714364247)	('>500', 0.9318878619160734)	('>1k', 0.5763904529368709)	('>5k', 0.0)	('>10k+', 0.0)
RNAi-WYS-2_R1_001_trimmed_2P	(1.0, 25.83352610764098)	(2.0, 15.134750600067056)	(3.0, 9.322481069578176)	(4.0, 5.920441357021851)	(5.0, 3.998162452773694)	(6.0, 2.6721474667010803)	(7.0, 1.9958770848003966)	(8.0, 1.4747611343651155)	(9.0, 1.2383283453156697)	('>10', 10.618339638938322)	('>50', 2.652640661833374)	('>100', 7.502827321771237)	('>500', 4.182972903398741)	('>1k', 6.175022983729043)	('>5k', 0.6910608747997288)	('>10k+', 0.5866599972654528)
RNAi-WYS-2_R1_001_trimmed_2U	(1.0, 73.93842690575323)	(2.0, 8.781245221683315)	(3.0, 3.3589538681449094)	(4.0, 2.147101041209998)	(5.0, 1.3901624847993637)	(6.0, 1.1809107087496047)	(7.0, 0.9567504694841982)	(8.0, 0.7836133889636415)	(9.0, 0.563295523432756)	('>10', 5.475858319765954)	('>50', 0.3970268302346161)	('>100', 0.3529127379863254)	('>500', 0.6737424997920758)	('>1k', 0.0)	('>5k', 0.0)	('>10k+', 0.0)
RNAi-WYS-3_R1_001_trimmed_1P	(1.0, 21.894410208208974)	(2.0, 14.513328167691153)	(3.0, 9.8929306815041)	(4.0, 6.546369894188279)	(5.0, 4.405794314576933)	(6.0, 3.243620490084097)	(7.0, 2.377747234687423)	(8.0, 1.933978371516864)	(9.0, 1.4924404237028102)	('>10', 13.56667595783556)	('>50', 3.2639712565061534)	('>100', 7.847706614812505)	('>500', 3.5920223615234006)	('>1k', 4.853966274816946)	('>5k', 0.40598170103758524)	('>10k+', 0.1690560473072469)
RNAi-WYS-3_R1_001_trimmed_1U	(1.0, 36.50822330221295)	(2.0, 18.72751464525744)	(3.0, 10.337338361558851)	(4.0, 5.951004599308255)	(5.0, 3.564389972457759)	(6.0, 2.2061165681562946)	(7.0, 1.537838717024214)	(8.0, 1.1617634606545535)	(9.0, 0.8820640262585081)	('>10', 8.55877742964651)	('>50', 3.21384127595616)	('>100', 6.1518011954258345)	('>500', 0.7587235002030456)	('>1k', 0.44060294587962995)	('>5k', 0.0)	('>10k+', 0.0)
RNAi-WYS-3_R1_001_trimmed_2P	(1.0, 21.54137649724703)	(2.0, 14.052831237268373)	(3.0, 9.520160851812088)	(4.0, 6.558651687761275)	(5.0, 4.539769818683103)	(6.0, 3.3016355078231863)	(7.0, 2.363972859641406)	(8.0, 1.8994533419420792)	(9.0, 1.504461447180179)	('>10', 13.569786146548394)	('>50', 3.3933008596703487)	('>100', 7.743261647745792)	('>500', 4.037658061936746)	('>1k', 5.196355145464655)	('>5k', 0.5414569744426309)	('>10k+', 0.23586791483270758)
RNAi-WYS-3_R1_001_trimmed_2U	(1.0, 82.72704240599292)	(2.0, 6.444941268494022)	(3.0, 2.3560204757757055)	(4.0, 1.417525765391635)	(5.0, 0.921670287018514)	(6.0, 0.7583244526655163)	(7.0, 0.5678035117901472)	(8.0, 0.43317393946890265)	(9.0, 0.42434454424923285)	('>10', 3.205868619104994)	('>50', 0.22558376605812358)	('>100', 0.13109841901807182)	('>500', 0.38660254497221175)	('>1k', 0.0)	('>5k', 0.0)	('>10k+', 0.0)
RNAi-gam-1_R1_001_trimmed_1P	(1.0, 28.17137993387889)	(2.0, 17.506069037928608)	(3.0, 10.844850343368632)	(4.0, 6.741176133197923)	(5.0, 4.428927472007591)	(6.0, 2.8899807066623455)	(7.0, 2.123682159866979)	(8.0, 1.6184111338624088)	(9.0, 1.195896415301247)	('>10', 9.504731964023366)	('>50', 2.191912829364339)	('>100', 6.067299513331986)	('>500', 2.930175643146727)	('>1k', 3.319455208913242)	('>5k', 0.36560230477157063)	('>10k+', 0.10044920037407681)
RNAi-gam-1_R1_001_trimmed_1U	(1.0, 46.111942105121926)	(2.0, 20.193695483761058)	(3.0, 9.515410461910752)	(4.0, 4.733650028463821)	(5.0, 2.593529981914765)	(6.0, 1.4467995511132248)	(7.0, 0.939850331405305)	(8.0, 0.7103077024124156)	(9.0, 0.558232242120892)	('>10', 5.79286143672151)	('>50', 2.535661163348681)	('>100', 4.187377578876085)	('>500', 0.43792406391318184)	('>1k', 0.24275786891632356)	('>5k', 0.0)	('>10k+', 0.0)
RNAi-gam-1_R1_001_trimmed_2P	(1.0, 28.127213542066176)	(2.0, 16.979192783314932)	(3.0, 10.849068125117517)	(4.0, 6.61177451976605)	(5.0, 4.396553576159169)	(6.0, 2.8807275805350243)	(7.0, 2.0600068292715075)	(8.0, 1.62189590890766)	(9.0, 1.2091411312476823)	('>10', 9.79060921125512)	('>50', 2.1669166105970272)	('>100', 6.080909880800638)	('>500', 3.0279512170858522)	('>1k', 3.519378339583555)	('>5k', 0.44431705246914827)	('>10k+', 0.234343691822957)
RNAi-gam-1_R1_001_trimmed_2U	(1.0, 79.90117772108623)	(2.0, 7.9286808677978575)	(3.0, 2.9143030615657888)	(4.0, 1.6743823398837292)	(5.0, 1.106726635569217)	(6.0, 0.7399454248270947)	(7.0, 0.6699550389562955)	(8.0, 0.4439754292117222)	(9.0, 0.4301696151518028)	('>10', 3.1709593251621335)	('>50', 0.16725189120876702)	('>100', 0.12373226645546541)	('>500', 0.7287403831239134)	('>1k', 0.0)	('>5k', 0.0)	('>10k+', 0.0)
RNAi-gam-2_R1_001_trimmed_1P	(1.0, 24.99990481635749)	(2.0, 14.993989009644606)	(3.0, 9.027890553470263)	(4.0, 5.578937679625938)	(5.0, 3.4217545298192626)	(6.0, 2.316256905804196)	(7.0, 1.6890817217767493)	(8.0, 1.2627710003206096)	(9.0, 0.9744017704758406)	('>10', 8.92900775217722)	('>50', 2.531952993285039)	('>100', 8.303880078763273)	('>500', 4.98319209960746)	('>1k', 8.837938326043943)	('>5k', 1.2243742946550968)	('>10k+', 0.9246664681728748)
RNAi-gam-2_R1_001_trimmed_1U	(1.0, 40.56755649117819)	(2.0, 17.15689222382521)	(3.0, 8.221847167162293)	(4.0, 3.87191556216345)	(5.0, 2.2014731896162045)	(6.0, 1.411474110125163)	(7.0, 0.9552274082452761)	(8.0, 0.7168106739638835)	(9.0, 0.5518133754704367)	('>10', 7.501672360069481)	('>50', 3.9292534249947746)	('>100', 9.316793379729674)	('>500', 2.195666769442583)	('>1k', 1.4016038640132475)	('>5k', 0.0)	('>10k+', 0.0)
RNAi-gam-2_R1_001_trimmed_2P	(1.0, 25.23836567058507)	(2.0, 14.69655344881906)	(3.0, 8.936924522028585)	(4.0, 5.469330940081188)	(5.0, 3.4178538775817597)	(6.0, 2.268741608536194)	(7.0, 1.7251986456022192)	(8.0, 1.2648418239161001)	(9.0, 1.009271214580214)	('>10', 9.007815403285807)	('>50', 2.507888987593547)	('>100', 7.968858611538435)	('>500', 5.291788714106592)	('>1k', 8.832389609341028)	('>5k', 1.3705918099114691)	('>10k+', 0.993585112492617)
RNAi-gam-2_R1_001_trimmed_2U	(1.0, 69.28854980965596)	(2.0, 8.44530175520253)	(3.0, 3.597732976802704)	(4.0, 2.117179844286476)	(5.0, 1.6802768604562641)	(6.0, 1.311904290253753)	(7.0, 1.0528672729675272)	(8.0, 1.0622348441866625)	(9.0, 0.7712587541132103)	('>10', 7.889689047601364)	('>50', 0.9453573050826721)	('>100', 0.5276412865577705)	('>500', 0.0)	('>1k', 1.3100059528330854)	('>5k', 0.0)	('>10k+', 0.0)
RNAi-gam-3_R1_001_trimmed_1P	(1.0, 29.97688055747909)	(2.0, 18.372914035941648)	(3.0, 11.535043531097298)	(4.0, 7.352502899948174)	(5.0, 4.879293308126003)	(6.0, 3.3011702114185164)	(7.0, 2.4568664869694072)	(8.0, 1.8542991418771526)	(9.0, 1.4888484158371498)	('>10', 12.165024168323313)	('>50', 2.5493314676308327)	('>100', 3.2827688734028073)	('>500', 0.48341560764174235)	('>1k', 0.3016412943068217)	('>5k', 0.0)	('>10k+', 0.0)
RNAi-gam-3_R1_001_trimmed_1U	(1.0, 49.06428544878542)	(2.0, 21.486847197047354)	(3.0, 10.256010938490004)	(4.0, 5.145491108767549)	(5.0, 2.8292862483220405)	(6.0, 1.7610195094641303)	(7.0, 1.2121832233588146)	(8.0, 0.877974324922829)	(9.0, 0.6958988089867911)	('>10', 5.436472865887605)	('>50', 0.7961496623293062)	('>100', 0.41721715076018273)	('>500', 0.02116351287793216)	('>1k', 0.0)	('>5k', 0.0)	('>10k+', 0.0)
RNAi-gam-3_R1_001_trimmed_2P	(1.0, 29.75657879626845)	(2.0, 18.0321338323684)	(3.0, 11.382966953989456)	(4.0, 7.147106862274495)	(5.0, 4.853489845941462)	(6.0, 3.149187964938981)	(7.0, 2.5201475526749)	(8.0, 1.8861735450667074)	(9.0, 1.4825180046913207)	('>10', 12.755321703452804)	('>50', 2.6013827116177217)	('>100', 3.451107402037705)	('>500', 0.5686762582790711)	('>1k', 0.38015763115872064)	('>5k', 0.03305093523978353)	('>10k+', 0.0)
RNAi-gam-3_R1_001_trimmed_2U	(1.0, 90.1883964266678)	(2.0, 5.548130940508559)	(3.0, 1.479636607324642)	(4.0, 0.6987434569052171)	(5.0, 0.3448269781647069)	(6.0, 0.15912536461454593)	(7.0, 0.13678676268047402)	(8.0, 0.06353742097116855)	(9.0, 0.035614103975837245)	('>10', 0.26241737458264003)	('>50', 0.03809229964965003)	('>100', 0.052541102965034524)	('>500', 0.0)	('>1k', 0.9921511609897354)	('>5k', 0.0)	('>10k+', 0.0)
WT-S5-1_R1_001_trimmed_1P	(1.0, 24.7124288896261)	(2.0, 15.141195888539997)	(3.0, 9.688268651256541)	(4.0, 6.377330328154801)	(5.0, 4.095865849028174)	(6.0, 2.8955626353470665)	(7.0, 2.26789594079664)	(8.0, 1.7991097045603126)	(9.0, 1.5052671978319627)	('>10', 16.588784384495327)	('>50', 4.915381519570085)	('>100', 7.726543925948694)	('>500', 1.5593775111502572)	('>1k', 0.7269875736940531)	('>5k', 0.0)	('>10k+', 0.0)
WT-S5-1_R1_001_trimmed_1U	(1.0, 38.98448626468722)	(2.0, 18.294901228606403)	(3.0, 10.172847132553127)	(4.0, 5.604960312040162)	(5.0, 3.5849422181428072)	(6.0, 2.5129607683893616)	(7.0, 1.8427747924449858)	(8.0, 1.4473988510600986)	(9.0, 1.2491146226059169)	('>10', 11.829306920763555)	('>50', 2.44325200185623)	('>100', 1.9391213189643617)	('>500', 0.09393356788585931)	('>1k', 0.0)	('>5k', 0.0)	('>10k+', 0.0)
WT-S5-1_R1_001_trimmed_2P	(1.0, 24.311317456181094)	(2.0, 14.397396327307503)	(3.0, 9.33705003208343)	(4.0, 6.022379470974107)	(5.0, 4.139102806453581)	(6.0, 2.9937590748493736)	(7.0, 2.1683610770305455)	(8.0, 1.8205666880554436)	(9.0, 1.4643515759633896)	('>10', 16.772154587423394)	('>50', 5.186488990829005)	('>100', 8.405485776331684)	('>500', 1.7426514574520924)	('>1k', 1.2013067662320531)	('>5k', 0.03762791283332937)	('>10k+', 0.0)
WT-S5-1_R1_001_trimmed_2U	(1.0, 80.11526029787926)	(2.0, 10.398241483386318)	(3.0, 3.4687280582349307)	(4.0, 1.7616621301372655)	(5.0, 0.8948201446611675)	(6.0, 0.6144801721285796)	(7.0, 0.41823867035317724)	(8.0, 0.2283956411369504)	(9.0, 0.16341406874992367)	('>10', 0.8516553318448404)	('>50', 0.06311760327378005)	('>100', 0.0)	('>500', 0.0)	('>1k', 1.0219863982138084)	('>5k', 0.0)	('>10k+', 0.0)
WT-S5-2_R1_001_trimmed_1P	(1.0, 20.496149638386512)	(2.0, 14.085484209187108)	(3.0, 9.599950622390228)	(4.0, 6.691292294143533)	(5.0, 4.7678407233977005)	(6.0, 3.2396234507012283)	(7.0, 2.5210990595905156)	(8.0, 1.9053836184786204)	(9.0, 1.5789674547223107)	('>10', 17.121342975797848)	('>50', 5.452761170830551)	('>100', 9.04697757282975)	('>500', 2.17730123379956)	('>1k', 1.315825975744625)	('>5k', 0.0)	('>10k+', 0.0)
WT-S5-2_R1_001_trimmed_1U	(1.0, 35.22250719944984)	(2.0, 18.365119618158854)	(3.0, 10.538180223379722)	(4.0, 6.305163665429673)	(5.0, 3.997867741333346)	(6.0, 2.781954419638289)	(7.0, 2.0288878712743044)	(8.0, 1.565277055386256)	(9.0, 1.2824028415281883)	('>10', 12.627796679014386)	('>50', 2.666651147997987)	('>100', 2.484889988690769)	('>500', 0.13330154871841504)	('>1k', 0.0)	('>5k', 0.0)	('>10k+', 0.0)
WT-S5-2_R1_001_trimmed_2P	(1.0, 20.415003649967403)	(2.0, 13.558147982446714)	(3.0, 9.27490336701052)	(4.0, 6.415977880428052)	(5.0, 4.42173669213052)	(6.0, 3.1801367604629704)	(7.0, 2.403267443513618)	(8.0, 1.897388947478818)	(9.0, 1.6020476978930709)	('>10', 16.999803523797773)	('>50', 5.506817584698357)	('>100', 9.926748703597983)	('>500', 2.4656314583001087)	('>1k', 1.8502569256777144)	('>5k', 0.0821313825962787)	('>10k+', 0.0)
WT-S5-2_R1_001_trimmed_2U	(1.0, 75.43395758000332)	(2.0, 12.283054225787932)	(3.0, 4.162365570352335)	(4.0, 2.247153721709798)	(5.0, 1.4473961818932652)	(6.0, 0.8517631605703296)	(7.0, 0.5759450472599524)	(8.0, 0.30518300976509577)	(9.0, 0.32808359317219865)	('>10', 1.2996862855766957)	('>50', 0.09188864821593198)	('>100', 0.0)	('>500', 0.0)	('>1k', 0.9735229756931172)	('>5k', 0.0)	('>10k+', 0.0)
WT-S5-3_R1_001_trimmed_1P	(1.0, 22.70127152312406)	(2.0, 14.114938581505218)	(3.0, 8.909345980124257)	(4.0, 5.802228386125162)	(5.0, 3.988932288815124)	(6.0, 2.746742630318422)	(7.0, 2.097321985624305)	(8.0, 1.663411320438391)	(9.0, 1.4010894450251798)	('>10', 15.306936694238289)	('>50', 4.94495920532788)	('>100', 9.834876527247278)	('>500', 3.2087356201330595)	('>1k', 2.966570101808305)	('>5k', 0.244123606906456)	('>10k+', 0.06851610323875955)
WT-S5-3_R1_001_trimmed_1U	(1.0, 40.127748973662655)	(2.0, 17.531477414386547)	(3.0, 9.038320116462826)	(4.0, 5.045803681631622)	(5.0, 3.1572330574550818)	(6.0, 2.1434292389052088)	(7.0, 1.6151731758912002)	(8.0, 1.2242138920012915)	(9.0, 0.9816925790633705)	('>10', 11.439994741880378)	('>50', 3.440615162496509)	('>100', 3.809218669363946)	('>500', 0.2509687764557483)	('>1k', 0.194110520343655)	('>5k', 0.0)	('>10k+', 0.0)
WT-S5-3_R1_001_trimmed_2P	(1.0, 21.739443321608864)	(2.0, 13.39399755940162)	(3.0, 8.668871347318108)	(4.0, 5.521989590246521)	(5.0, 3.943532135868432)	(6.0, 2.6972939455238305)	(7.0, 2.1209003102806)	(8.0, 1.6261569048258928)	(9.0, 1.345050384280467)	('>10', 15.447660463210472)	('>50', 4.902676012945639)	('>100', 10.646700743221793)	('>500', 3.6022285760592188)	('>1k', 3.801264344587009)	('>5k', 0.35921824790054857)	('>10k+', 0.1830161127210488)
WT-S5-3_R1_001_trimmed_2U	(1.0, 82.14606628403548)	(2.0, 7.245022854412059)	(3.0, 2.9444297665463504)	(4.0, 1.6663813100874936)	(5.0, 1.0519101317273174)	(6.0, 0.6388510760655158)	(7.0, 0.551778954931645)	(8.0, 0.47968677139170435)	(9.0, 0.27394533133797705)	('>10', 2.342722664652614)	('>50', 0.11428179402615775)	('>100', 0.06229093494129629)	('>500', 0.48263212584437437)	('>1k', 0.0)	('>5k', 0.0)	('>10k+', 0.0)
WT-WYS-2_R1_001_trimmed_1P	(1.0, 30.461575453553376)	(2.0, 18.62404899583511)	(3.0, 11.795017189804206)	(4.0, 7.343300354335473)	(5.0, 4.804814565776984)	(6.0, 3.3848244280064983)	(7.0, 2.4383684487582404)	(8.0, 1.8606580032890612)	(9.0, 1.5231980214059324)	('>10', 13.199676857441013)	('>50', 2.4139322867007125)	('>100', 1.9534882345527744)	('>500', 0.15269059815646807)	('>1k', 0.044406562384295994)	('>5k', 0.0)	('>10k+', 0.0)
WT-WYS-2_R1_001_trimmed_1U	(1.0, 48.848535000504654)	(2.0, 21.497665870117206)	(3.0, 10.599716417010521)	(4.0, 5.531590275140201)	(5.0, 3.2781431858504275)	(6.0, 2.0489341223925095)	(7.0, 1.2920537023892458)	(8.0, 1.0472952126406798)	(9.0, 0.7836861354654383)	('>10', 4.604746902717368)	('>50', 0.32017104696407783)	('>100', 0.1474621288077061)	('>500', 0.0)	('>1k', 0.0)	('>5k', 0.0)	('>10k+', 0.0)
WT-WYS-2_R1_001_trimmed_2P	(1.0, 30.051496369670282)	(2.0, 17.930428977722986)	(3.0, 11.531467053275628)	(4.0, 7.331172238171919)	(5.0, 4.717462179125563)	(6.0, 3.379033702702025)	(7.0, 2.4278006292562058)	(8.0, 1.895200684536332)	(9.0, 1.5245322325757535)	('>10', 13.972839658329402)	('>50', 2.6214615061577127)	('>100', 2.2737887250704176)	('>500', 0.2315756594802262)	('>1k', 0.1117403839256125)	('>5k', 0.0)	('>10k+', 0.0)
WT-WYS-2_R1_001_trimmed_2U	(1.0, 85.92645044156004)	(2.0, 8.360966514141927)	(3.0, 2.2657777070780774)	(4.0, 0.8799996901562652)	(5.0, 0.44050719723812026)	(6.0, 0.26208623310474816)	(7.0, 0.10155636473534195)	(8.0, 0.13761421353966974)	(9.0, 0.024416318440755227)	('>10', 0.2649622704867141)	('>50', 0.11303851129979273)	('>100', 0.0)	('>500', 0.0)	('>1k', 1.222624538218558)	('>5k', 0.0)	('>10k+', 0.0)
WT-WYS-3_R1_001_trimmed_1P	(1.0, 28.896412017134352)	(2.0, 18.144760359469092)	(3.0, 11.511793822522426)	(4.0, 7.183091493462819)	(5.0, 4.712479505140818)	(6.0, 3.3961232733651903)	(7.0, 2.453955994448811)	(8.0, 1.9082273151605786)	(9.0, 1.662256395241271)	('>10', 14.552064575064689)	('>50', 2.77146141382375)	('>100', 2.5481628124326066)	('>500', 0.22216131874816292)	('>1k', 0.03704970398544884)	('>5k', 0.0)	('>10k+', 0.0)
WT-WYS-3_R1_001_trimmed_1U	(1.0, 47.15023777761929)	(2.0, 21.249166336329825)	(3.0, 10.74146674359147)	(4.0, 5.8243401168821505)	(5.0, 3.280475853539027)	(6.0, 2.132651106641608)	(7.0, 1.488112489734043)	(8.0, 1.0795655015902357)	(9.0, 0.8780227856455843)	('>10', 5.561178284819942)	('>50', 0.46540310993192424)	('>100', 0.14937989367494042)	('>500', 0.0)	('>1k', 0.0)	('>5k', 0.0)	('>10k+', 0.0)
WT-WYS-3_R1_001_trimmed_2P	(1.0, 28.418035743320154)	(2.0, 17.561534468846396)	(3.0, 11.284736998425329)	(4.0, 7.092062195357994)	(5.0, 4.699327911896433)	(6.0, 3.311984516545391)	(7.0, 2.5441892174332037)	(8.0, 1.9655567829782277)	(9.0, 1.57733884631262)	('>10', 15.216312461975381)	('>50', 3.0458453640466074)	('>100', 2.838434796307024)	('>500', 0.3110635714579893)	('>1k', 0.13357712509723532)	('>5k', 0.0)	('>10k+', 0.0)
WT-WYS-3_R1_001_trimmed_2U	(1.0, 84.23240089034795)	(2.0, 9.408382956497531)	(3.0, 2.547555373106767)	(4.0, 1.0909192327915869)	(5.0, 0.5237373818325592)	(6.0, 0.2539586111778065)	(7.0, 0.20068221231186786)	(8.0, 0.17875452358502492)	(9.0, 0.06422124068518083)	('>10', 0.36748821058742365)	('>50', 0.06065339398044857)	('>100', 0.0)	('>500', 0.0)	('>1k', 1.0712459730958637)	('>5k', 0.0)	('>10k+', 0.0)
WT-male-gam-1_R1_001_trimmed_1P	(1.0, 30.305658471739406)	(2.0, 18.297007962947923)	(3.0, 11.606154955219111)	(4.0, 7.452991210683272)	(5.0, 4.857250063275291)	(6.0, 3.276200685028975)	(7.0, 2.5055311486099274)	(8.0, 1.8279729763113168)	(9.0, 1.5549919954715108)	('>10', 12.494958590002957)	('>50', 2.4447383421225863)	('>100', 2.8258960189648423)	('>500', 0.33857052928553033)	('>1k', 0.2120770503375309)	('>5k', 0.0)	('>10k+', 0.0)
WT-male-gam-1_R1_001_trimmed_1U	(1.0, 50.61631402587512)	(2.0, 21.060189722100443)	(3.0, 10.176374218168565)	(4.0, 5.001221539481103)	(5.0, 2.8777170966232455)	(6.0, 1.6912688472281088)	(7.0, 1.1085626660041945)	(8.0, 0.8602434108652391)	(9.0, 0.6635962125400142)	('>10', 4.962478974294151)	('>50', 0.6197469913984186)	('>100', 0.3622862954213062)	('>500', 0.0)	('>1k', 0.0)	('>5k', 0.0)	('>10k+', 0.0)
WT-male-gam-1_R1_001_trimmed_2P	(1.0, 29.82567297311342)	(2.0, 18.03130584816642)	(3.0, 11.513602907575436)	(4.0, 7.163074250392654)	(5.0, 4.954212769846531)	(6.0, 3.4347902622602335)	(7.0, 2.4751373846827147)	(8.0, 1.8727258699940394)	(9.0, 1.5149054734753633)	('>10', 12.817125185248274)	('>50', 2.577548483878053)	('>100', 3.070421597759394)	('>500', 0.47165965814486505)	('>1k', 0.2778173354627386)	('>5k', 0.0)	('>10k+', 0.0)
WT-male-gam-1_R1_001_trimmed_2U	(1.0, 91.41164014145576)	(2.0, 5.166742080551091)	(3.0, 1.4183942716441365)	(4.0, 0.5557467788736857)	(5.0, 0.23857805082960237)	(6.0, 0.1821760992576982)	(7.0, 0.10557195318972598)	(8.0, 0.06815463585091036)	(9.0, 0.04503377347935667)	('>10', 0.1768822659636864)	('>50', 0.05296474630551062)	('>100', 0.0)	('>500', 0.0)	('>1k', 0.5781152025988281)	('>5k', 0.0)	('>10k+', 0.0)
WT-male-gam-2_R1_001_trimmed_1P	(1.0, 29.54489455014303)	(2.0, 18.04049902055707)	(3.0, 11.62103098677341)	(4.0, 7.378092192989344)	(5.0, 4.845393872986687)	(6.0, 3.403605591999352)	(7.0, 2.476054447267866)	(8.0, 1.9527495097324592)	(9.0, 1.5671631871430163)	('>10', 12.71214920553784)	('>50', 2.4753411903888085)	('>100', 3.1806880046540096)	('>500', 0.5291205178632385)	('>1k', 0.27321772196378974)	('>5k', 0.0)	('>10k+', 0.0)
WT-male-gam-2_R1_001_trimmed_1U	(1.0, 51.28204807927915)	(2.0, 21.041170490192666)	(3.0, 9.978657309861065)	(4.0, 4.953501181547178)	(5.0, 2.7426904754232306)	(6.0, 1.6944399476340972)	(7.0, 1.0555488252875636)	(8.0, 0.82651711154073)	(9.0, 0.6497965862959454)	('>10', 4.772593227142812)	('>50', 0.6341379182657728)	('>100', 0.3466168886766746)	('>500', 0.022281958853074997)	('>1k', 0.0)	('>5k', 0.0)	('>10k+', 0.0)
WT-male-gam-2_R1_001_trimmed_2P	(1.0, 29.150076654740108)	(2.0, 17.954337831873005)	(3.0, 11.457584471597105)	(4.0, 7.219846039259674)	(5.0, 4.95995524007052)	(6.0, 3.368899186052675)	(7.0, 2.4064986895812606)	(8.0, 1.9829496398812647)	(9.0, 1.5073727124083853)	('>10', 12.904991308661613)	('>50', 2.633511219268194)	('>100', 3.4560959615752602)	('>500', 0.5979287694862665)	('>1k', 0.3999522755446939)	('>5k', 0.0)	('>10k+', 0.0)
WT-male-gam-2_R1_001_trimmed_2U	(1.0, 90.82317127578273)	(2.0, 5.321179812800655)	(3.0, 1.419832907748861)	(4.0, 0.6229431325467416)	(5.0, 0.3092928756587437)	(6.0, 0.20264975200216537)	(7.0, 0.0961312540200504)	(8.0, 0.058266703388089855)	(9.0, 0.06127142120051019)	('>10', 0.3058609993554654)	('>50', 0.03483098644410342)	('>100', 0.0)	('>500', 0.0)	('>1k', 0.7445688790518731)	('>5k', 0.0)	('>10k+', 0.0)
WT-male-gam-3_R1_001_trimmed_1P	(1.0, 28.17213755911852)	(2.0, 18.27090687595791)	(3.0, 11.91647015040249)	(4.0, 7.809365011373883)	(5.0, 4.991485376690308)	(6.0, 3.5545510335608608)	(7.0, 2.6073294114649004)	(8.0, 1.8934601451152757)	(9.0, 1.5930806494824048)	('>10', 12.830715292298636)	('>50', 2.4946555794837804)	('>100', 3.1596121383677187)	('>500', 0.4737316792431865)	('>1k', 0.23249909744018143)	('>5k', 0.0)	('>10k+', 0.0)
WT-male-gam-3_R1_001_trimmed_1U	(1.0, 47.50135749804498)	(2.0, 21.331826527037627)	(3.0, 10.658333742527365)	(4.0, 5.598200323557001)	(5.0, 3.116988593986234)	(6.0, 1.9990159678388626)	(7.0, 1.2974563492827929)	(8.0, 0.9306459444207761)	(9.0, 0.7337821770701821)	('>10', 5.545579522686268)	('>50', 0.7886539436153497)	('>100', 0.48042682134316367)	('>500', 0.017732588589365546)	('>1k', 0.0)	('>5k', 0.0)	('>10k+', 0.0)
WT-male-gam-3_R1_001_trimmed_2P	(1.0, 27.255121628406375)	(2.0, 17.28314796354862)	(3.0, 11.597291242438299)	(4.0, 7.708110535857969)	(5.0, 5.187045875856961)	(6.0, 3.5561938441043885)	(7.0, 2.6163334738944974)	(8.0, 2.133355381643903)	(9.0, 1.595258255277498)	('>10', 13.630140576965562)	('>50', 2.664217212612732)	('>100', 3.7267776158442047)	('>500', 0.6152378900111719)	('>1k', 0.43176850353780616)	('>5k', 0.0)	('>10k+', 0.0)
WT-male-gam-3_R1_001_trimmed_2U	(1.0, 90.0148466932715)	(2.0, 5.747904740519353)	(3.0, 1.6637945065824284)	(4.0, 0.7109614259912619)	(5.0, 0.33506429110643215)	(6.0, 0.1816669170857424)	(7.0, 0.10155615341017107)	(8.0, 0.09430651362813577)	(9.0, 0.07046261332184743)	('>10', 0.30228006680182623)	('>50', 0.0)	('>100', 0.04632629547415062)	('>500', 0.0)	('>1k', 0.7308297828071612)	('>5k', 0.0)	('>10k+', 0.0)
WT-mature-herm-1_R1_001_trimmed_1P	(1.0, 17.400549104641435)	(2.0, 8.420277001591023)	(3.0, 4.610474852207376)	(4.0, 2.819304095412827)	(5.0, 1.9465267675150257)	(6.0, 1.4974546645020819)	(7.0, 1.171670777153941)	(8.0, 0.9997167298627543)	(9.0, 0.8364430003518355)	('>10', 10.265271255652301)	('>50', 3.6337035038160574)	('>100', 10.722349776909898)	('>500', 7.373543326008115)	('>1k', 20.960146771866167)	('>5k', 4.80250267259085)	('>10k+', 2.5400656999182685)
WT-mature-herm-1_R1_001_trimmed_1U	(1.0, 30.366572759151193)	(2.0, 9.949951072109208)	(3.0, 4.23964046881386)	(4.0, 2.416699370937181)	(5.0, 1.7296789251717297)	(6.0, 1.2641283227549562)	(7.0, 1.0295766839263523)	(8.0, 0.8622409370837396)	(9.0, 0.7494307563046915)	('>10', 10.286785519303573)	('>50', 5.482927683295046)	('>100', 17.83910029795799)	('>500', 6.982156072720541)	('>1k', 6.418860971658994)	('>5k', 0.38225015881089536)	('>10k+', 0.0)
WT-mature-herm-1_R1_001_trimmed_2P	(1.0, 16.502375882381383)	(2.0, 8.52165042121448)	(3.0, 4.588955422999137)	(4.0, 2.7546471288688883)	(5.0, 2.0142567864413365)	(6.0, 1.4681200180602862)	(7.0, 1.1808650257268305)	(8.0, 0.95899479828892)	(9.0, 0.8391194871772867)	('>10', 10.272877116905562)	('>50', 3.649097180889501)	('>100', 10.935519871165674)	('>500', 7.4436814821751005)	('>1k', 21.369975231097957)	('>5k', 4.605376769347201)	('>10k+', 2.8944873772603916)
WT-mature-herm-1_R1_001_trimmed_2U	(1.0, 39.692424632182174)	(2.0, 3.9813816703372287)	(3.0, 1.8329946848924275)	(4.0, 1.2706850146026067)	(5.0, 1.0156843398914435)	(6.0, 0.9558346376562822)	(7.0, 0.7992809276028314)	(8.0, 0.7429687440254074)	(9.0, 0.663196987144475)	('>10', 9.696906632103643)	('>50', 1.7782953813183209)	('>100', 0.9078681658709502)	('>500', 0.0)	('>1k', 0.9198492700064955)	('>5k', 0.0)	('>10k+', 35.74262891236572)
WT-mature-herm-2_R1_001_trimmed_1P	(1.0, 20.054539265735208)	(2.0, 11.94419641523595)	(3.0, 7.413398906625224)	(4.0, 4.685253114815912)	(5.0, 3.0849915392653857)	(6.0, 2.163159784483963)	(7.0, 1.6523280437643606)	(8.0, 1.219803025510489)	(9.0, 1.0144145942558973)	('>10', 11.105622109579997)	('>50', 3.557493805943216)	('>100', 11.685431120627772)	('>500', 6.873956010419365)	('>1k', 11.156375302953247)	('>5k', 1.446880492792092)	('>10k+', 0.9421564679919253)
WT-mature-herm-2_R1_001_trimmed_1U	(1.0, 36.68465980425043)	(2.0, 14.828558130531553)	(3.0, 7.2173644092496545)	(4.0, 3.883074583965839)	(5.0, 2.2708792026619773)	(6.0, 1.5759990823021348)	(7.0, 1.157453292712766)	(8.0, 0.898179175719046)	(9.0, 0.7643035243681121)	('>10', 10.518091855756927)	('>50', 5.511374455594834)	('>100', 11.676990875235562)	('>500', 1.869986740738537)	('>1k', 1.1430848669125309)	('>5k', 0.0)	('>10k+', 0.0)
WT-mature-herm-2_R1_001_trimmed_2P	(1.0, 20.12310771929943)	(2.0, 11.6807456268628)	(3.0, 7.384775977870599)	(4.0, 4.462045098105249)	(5.0, 3.066608322405246)	(6.0, 2.153668349385165)	(7.0, 1.569736565683005)	(8.0, 1.3084869079547172)	(9.0, 1.0114711401864873)	('>10', 11.120373728681576)	('>50', 3.6031837583579294)	('>100', 11.001390024465806)	('>500', 6.967734132441707)	('>1k', 11.864486450549881)	('>5k', 1.3679665320588639)	('>10k+', 1.3142196656916352)
WT-mature-herm-2_R1_001_trimmed_2U	(1.0, 69.01408118774671)	(2.0, 8.045468365696623)	(3.0, 3.56796864820305)	(4.0, 2.4186141973028064)	(5.0, 1.8549029099293508)	(6.0, 1.4788834713620944)	(7.0, 1.3201430105427043)	(8.0, 1.0036421114029797)	(9.0, 0.9169639290545406)	('>10', 8.505866894140253)	('>50', 0.8378890960349118)	('>100', 0.4797713426479395)	('>500', 0.555804835936044)	('>1k', 0.0)	('>5k', 0.0)	('>10k+', 0.0)
WT-mature-herm-3_R1_001_trimmed_1P	(1.0, 15.027061317032665)	(2.0, 7.0136422760678885)	(3.0, 3.816717714297143)	(4.0, 2.387267993478197)	(5.0, 1.6824672459930605)	(6.0, 1.270507727613968)	(7.0, 0.9973809186986392)	(8.0, 0.8463316482404978)	(9.0, 0.7341629259185773)	('>10', 9.823399416924488)	('>50', 3.711149695493593)	('>100', 10.512236621279333)	('>500', 7.082331698555068)	('>1k', 23.463021457683684)	('>5k', 7.367967352526361)	('>10k+', 4.264353990196853)
WT-mature-herm-3_R1_001_trimmed_1U	(1.0, 26.278920519510425)	(2.0, 8.146082312143761)	(3.0, 3.5708601042814583)	(4.0, 2.190706050021687)	(5.0, 1.5551959392336283)	(6.0, 1.1981712008962186)	(7.0, 0.9580494123767501)	(8.0, 0.8595654127730619)	(9.0, 0.7061470315306424)	('>10', 10.034169665863992)	('>50', 4.93950877977997)	('>100', 17.861175724439953)	('>500', 8.363068803050524)	('>1k', 12.22163619998166)	('>5k', 0.8834146992258353)	('>10k+', 0.23332814489042758)
WT-mature-herm-3_R1_001_trimmed_2P	(1.0, 14.323684524077235)	(2.0, 6.942188235598774)	(3.0, 3.7962016936819665)	(4.0, 2.3185171871937307)	(5.0, 1.7115366818397408)	(6.0, 1.271218026503675)	(7.0, 1.0391720369243977)	(8.0, 0.8447489808350821)	(9.0, 0.7275200251797254)	('>10', 9.689014859637691)	('>50', 3.739626149081763)	('>100', 10.584057687911375)	('>500', 7.269554387638141)	('>1k', 23.505833035104896)	('>5k', 7.351929872309778)	('>10k+', 4.885196616481979)
WT-mature-herm-3_R1_001_trimmed_2U	(1.0, 38.335775942225006)	(2.0, 4.082230304748953)	(3.0, 1.9570809571846988)	(4.0, 1.333066966179113)	(5.0, 1.174777243535332)	(6.0, 0.953441905246334)	(7.0, 0.8957148698038829)	(8.0, 0.7587312661235472)	(9.0, 0.6733616694771338)	('>10', 11.618189489972988)	('>50', 3.1925591205880797)	('>100', 1.548724637880194)	('>500', 0.19891876082864876)	('>1k', 0.8519290369017055)	('>5k', 0.0)	('>10k+', 32.4254978293044)
