.	Basic Statistics	Per Base Sequence Quality	Per Tile Sequence Quality	Per Sequence Quality Scores	Per Base Sequence Content	Per Sequence GC Content	Per Base N Content	Sequence Length Distribution	Sequence Duplication Levels	Overrepresented Sequences	Adapter Content
BA12-S5_R1_001	1	1	1	1	0.5	1	1	1	0.25	1	0.25
BA12-S5_R2_001	1	1	1	1	0.5	1	1	1	0.25	1	0.25
BA12-WYS_R1_001	1	1	1	1	0.5	1	1	1	0.25	1	0.5
BA12-WYS_R2_001	1	1	1	1	0.5	1	1	1	0.25	1	0.5
BA12-gam_R1_001	1	1	1	1	0.5	1	1	1	0.25	1	0.25
BA12-gam_R2_001	1	1	1	1	0.5	1	1	1	0.25	1	0.5
BA14-S5_R1_001	1	1	1	1	0.5	1	1	1	0.25	1	0.25
BA14-S5_R2_001	1	1	1	1	0.5	1	1	1	0.25	1	0.5
BA14-WYS_R1_001	1	1	1	1	0.5	1	1	1	0.25	1	0.5
BA14-WYS_R2_001	1	1	1	1	0.5	1	1	1	0.25	1	0.5
BA14-gam_R1_001	1	1	1	1	0.5	1	1	1	0.25	1	0.25
BA14-gam_R2_001	1	1	1	1	0.5	1	1	1	0.25	0.5	0.25
BA19-S5_R1_001	1	1	1	1	0.5	1	1	1	0.25	1	0.5
BA19-S5_R2_001	1	1	1	1	0.5	0.5	1	1	0.25	1	0.5
BA19-WYS_R1_001	1	1	1	1	0.5	1	1	1	0.25	1	0.25
BA19-WYS_R2_001	1	1	1	1	0.5	1	1	1	0.25	1	0.25
BA19-gam_R1_001	1	1	0.5	1	0.25	0.5	1	1	0.25	0.5	0.25
BA19-gam_R2_001	1	1	1	1	0.25	0.5	1	1	0.25	0.25	0.25
BD5-S5_R1_001	1	1	1	1	0.5	0.5	1	1	0.25	1	0.25
BD5-S5_R2_001	1	1	1	1	0.5	0.5	1	1	0.25	1	0.25
BD5-WYS_R1_001	1	1	1	1	0.5	1	1	1	0.25	1	0.25
BD5-WYS_R2_001	1	1	1	1	0.5	1	1	1	0.25	1	0.25
BD5-gam_R1_001	1	1	0.5	1	0.5	1	1	1	0.25	0.5	0.5
BD5-gam_R2_001	1	1	1	1	0.25	0.5	1	1	0.25	0.25	0.5
BF16-S5_R1_001	1	1	0.5	1	0.25	1	1	1	0.25	0.5	0.5
BF16-S5_R2_001	1	1	1	1	0.25	0.5	1	1	0.25	0.5	0.5
BF16-WYS_R1_001	1	1	1	1	0.5	1	1	1	0.25	1	0.25
BF16-WYS_R2_001	1	1	1	1	0.5	1	1	1	0.25	1	0.25
BF16-gam_R1_001	1	1	0.5	1	0.5	1	1	1	0.25	0.25	0.25
BF16-gam_R2_001	1	1	1	1	0.5	0.5	1	1	0.25	0.25	0.25
BF5-S5_R1_001	1	1	1	1	0.5	1	1	1	0.25	1	0.25
BF5-S5_R2_001	1	1	1	1	0.5	1	1	1	0.25	1	0.25
BF5-WYS_R1_001	1	1	1	1	0.5	1	1	1	0.25	1	0.5
BF5-WYS_R2_001	1	1	1	1	0.5	1	1	1	0.25	1	0.5
BF5-gam_R1_001	1	1	1	1	0.5	1	1	1	0.25	1	0.25
BF5-gam_R2_001	1	1	1	1	0.5	1	1	1	0.25	1	0.25
Cross-S5-1_R1_001	1	1	1	1	0.5	1	1	1	0.25	1	0.25
Cross-S5-1_R2_001	1	1	1	1	0.5	1	1	1	0.25	1	0.5
Cross-S5-2_R1_001	1	1	1	1	0.5	1	1	1	0.25	1	0.5
Cross-S5-2_R2_001	1	1	1	1	0.5	0.5	1	1	0.25	1	0.5
Cross-S5-3_R1_001	1	1	1	1	0.5	1	1	1	0.25	1	0.25
Cross-S5-3_R2_001	1	1	1	1	0.5	1	1	1	0.25	0.5	0.25
Cross-WYS-1_R1_001	1	1	1	1	0.5	1	1	1	0.25	1	0.25
Cross-WYS-1_R2_001	1	1	1	1	0.5	1	1	1	0.25	1	0.25
Cross-WYS-2_R1_001	1	1	1	1	0.5	1	1	1	0.25	1	0.5
Cross-WYS-2_R2_001	1	1	1	1	0.5	1	1	1	0.25	1	0.5
Cross-WYS-3_R1_001	1	1	1	1	0.5	1	1	1	0.25	1	0.25
Cross-WYS-3_R2_001	1	1	1	1	0.5	0.5	1	1	0.25	1	0.25
Cross-gam-1_R1_001	1	1	1	1	0.5	1	1	1	0.25	1	0.25
Cross-gam-1_R2_001	1	1	1	1	0.5	1	1	1	0.25	1	0.5
Cross-gam-2_R1_001	1	1	1	1	0.5	1	1	1	0.25	1	0.25
Cross-gam-2_R2_001	1	1	1	1	0.5	0.5	1	1	0.25	1	0.25
Cross-gam-3_R1_001	1	1	1	1	0.5	1	1	1	0.25	1	0.5
Cross-gam-3_R2_001	1	1	1	1	0.5	0.5	1	1	0.25	1	0.5
RESUB-WT-WYS-4_R1_001	1	1	1	1	0.5	1	1	1	0.25	1	0.5
RESUB-WT-WYS-4_R2_001	1	1	1	1	0.5	1	1	1	0.25	1	0.5
RNAi-S5-1_R1_001	1	1	1	1	0.5	1	1	1	0.25	1	0.25
RNAi-S5-1_R2_001	1	1	1	1	0.5	1	1	1	0.25	1	0.25
RNAi-S5-2_R1_001	1	1	1	1	0.5	1	1	1	0.25	0.5	0.25
RNAi-S5-2_R2_001	1	1	1	1	0.5	0.5	1	1	0.25	0.5	0.25
RNAi-S5-3_R1_001	1	1	1	1	0.5	1	1	1	0.25	1	0.25
RNAi-S5-3_R2_001	1	1	1	1	0.5	1	1	1	0.25	0.5	0.5
RNAi-WYS-1_R1_001	1	1	1	1	0.5	1	1	1	0.25	1	0.5
RNAi-WYS-1_R2_001	1	1	1	1	0.5	0.5	1	1	0.25	1	0.5
RNAi-WYS-2_R1_001	1	1	1	1	0.5	0.5	1	1	0.25	1	0.5
RNAi-WYS-2_R2_001	1	1	1	1	0.5	1	1	1	0.25	0.5	0.5
RNAi-WYS-3_R1_001	1	1	1	1	0.5	1	1	1	0.25	1	0.25
RNAi-WYS-3_R2_001	1	1	1	1	0.5	1	1	1	0.25	1	0.25
RNAi-gam-1_R1_001	1	1	1	1	0.5	1	1	1	0.25	1	0.25
RNAi-gam-1_R2_001	1	1	1	1	0.5	0.5	1	1	0.25	1	0.5
RNAi-gam-2_R1_001	1	1	1	1	0.5	0.5	1	1	0.25	0.5	0.25
RNAi-gam-2_R2_001	1	1	1	1	0.5	0.5	1	1	0.25	0.5	0.5
RNAi-gam-3_R1_001	1	1	1	1	0.5	1	1	1	0.25	1	0.5
RNAi-gam-3_R2_001	1	1	1	1	0.5	1	1	1	0.25	1	0.5
WT-S5-1_R1_001	1	1	1	1	0.5	0.5	1	1	0.25	1	0.25
WT-S5-1_R2_001	1	1	1	1	0.5	0.5	1	1	0.25	1	0.25
WT-S5-2_R1_001	1	1	1	1	0.5	1	1	1	0.25	1	0.25
WT-S5-2_R2_001	1	1	1	1	0.5	1	1	1	0.25	1	0.25
WT-S5-3_R1_001	1	1	1	1	0.5	1	1	1	0.25	1	0.5
WT-S5-3_R2_001	1	1	1	1	0.5	1	1	1	0.25	1	0.5
WT-WYS-2_R1_001	1	1	1	1	0.5	1	1	1	0.25	1	0.25
WT-WYS-2_R2_001	1	1	1	1	0.5	1	1	1	0.25	1	0.25
WT-WYS-3_R1_001	1	1	1	1	0.5	1	1	1	0.25	1	0.25
WT-WYS-3_R2_001	1	1	1	1	0.5	1	1	1	0.25	1	0.25
WT-male-gam-1_R1_001	1	1	1	1	0.5	0.5	1	1	0.25	1	0.25
WT-male-gam-1_R2_001	1	1	1	1	0.5	1	1	1	0.25	1	0.25
WT-male-gam-2_R1_001	1	1	1	1	0.5	1	1	1	0.25	1	0.5
WT-male-gam-2_R2_001	1	1	1	1	0.5	1	1	1	0.25	1	0.5
WT-male-gam-3_R1_001	1	1	1	1	0.5	1	1	1	0.25	1	0.5
WT-male-gam-3_R2_001	1	1	1	1	0.5	1	1	1	0.25	1	0.5
WT-mature-herm-1_R1_001	1	1	0.5	1	0.25	1	1	1	0.25	0.5	0.5
WT-mature-herm-1_R2_001	1	1	0.5	1	0.25	0.5	1	1	0.25	0.25	0.5
WT-mature-herm-2_R1_001	1	1	1	1	0.5	1	1	1	0.25	0.5	0.5
WT-mature-herm-2_R2_001	1	1	1	1	0.5	1	1	1	0.25	0.5	0.5
WT-mature-herm-3_R1_001	1	1	0.5	1	0.25	1	1	1	0.25	0.5	0.25
WT-mature-herm-3_R2_001	1	1	1	1	0.25	0.5	1	1	0.25	0.25	0.25
