Sample	0	1	2	3	4	5	6	7	8	9	10	11	12	13	14	15	16	17
BA12-S5_R1_001_trimmed_1P	(25.0, 2.0)	(26.0, 39.0)	(27.0, 402.0)	(28.0, 2679.0)	(29.0, 12354.0)	(30.0, 37937.0)	(31.0, 90953.0)	(32.0, 168412.0)	(33.0, 290746.0)	(34.0, 538971.0)	(35.0, 1576437.0)	(36.0, 14608418.0)	(37.0, 1298625.0)					
BA12-S5_R1_001_trimmed_1U	(25.0, 9.0)	(26.0, 190.0)	(27.0, 1285.0)	(28.0, 6139.0)	(29.0, 20212.0)	(30.0, 45362.0)	(31.0, 76868.0)	(32.0, 103155.0)	(33.0, 127624.0)	(34.0, 159329.0)	(35.0, 284171.0)	(36.0, 2062099.0)	(37.0, 458609.0)					
BA12-S5_R1_001_trimmed_2P	(24.0, 10.0)	(25.0, 41.0)	(26.0, 331.0)	(27.0, 2218.0)	(28.0, 9558.0)	(29.0, 32171.0)	(30.0, 86160.0)	(31.0, 198748.0)	(32.0, 393546.0)	(33.0, 752064.0)	(34.0, 1564941.0)	(35.0, 4438278.0)	(36.0, 10888823.0)	(37.0, 259086.0)				
BA12-S5_R1_001_trimmed_2U	(24.0, 1.0)	(25.0, 13.0)	(26.0, 143.0)	(27.0, 858.0)	(28.0, 3324.0)	(29.0, 9290.0)	(30.0, 17771.0)	(31.0, 28262.0)	(32.0, 33240.0)	(33.0, 31774.0)	(34.0, 26069.0)	(35.0, 19644.0)	(36.0, 15483.0)	(37.0, 307.0)				
BA12-WYS_R1_001_trimmed_1P	(26.0, 41.0)	(27.0, 418.0)	(28.0, 2958.0)	(29.0, 14287.0)	(30.0, 46096.0)	(31.0, 112120.0)	(32.0, 214571.0)	(33.0, 374195.0)	(34.0, 707874.0)	(35.0, 2142211.0)	(36.0, 18910227.0)	(37.0, 1509135.0)						
BA12-WYS_R1_001_trimmed_1U	(25.0, 10.0)	(26.0, 165.0)	(27.0, 1436.0)	(28.0, 7273.0)	(29.0, 24456.0)	(30.0, 56970.0)	(31.0, 98615.0)	(32.0, 133812.0)	(33.0, 164129.0)	(34.0, 203671.0)	(35.0, 362269.0)	(36.0, 2279797.0)	(37.0, 420754.0)					
BA12-WYS_R1_001_trimmed_2P	(23.0, 2.0)	(24.0, 4.0)	(25.0, 47.0)	(26.0, 394.0)	(27.0, 2952.0)	(28.0, 12944.0)	(29.0, 44221.0)	(30.0, 118700.0)	(31.0, 271539.0)	(32.0, 543655.0)	(33.0, 1044733.0)	(34.0, 2184355.0)	(35.0, 6049843.0)	(36.0, 13467976.0)	(37.0, 292768.0)			
BA12-WYS_R1_001_trimmed_2U	(24.0, 2.0)	(25.0, 13.0)	(26.0, 192.0)	(27.0, 1097.0)	(28.0, 4025.0)	(29.0, 10998.0)	(30.0, 21928.0)	(31.0, 33508.0)	(32.0, 40006.0)	(33.0, 38176.0)	(34.0, 30314.0)	(35.0, 23211.0)	(36.0, 18012.0)	(37.0, 307.0)				
BA12-gam_R1_001_trimmed_1P	(25.0, 1.0)	(26.0, 26.0)	(27.0, 340.0)	(28.0, 2635.0)	(29.0, 12280.0)	(30.0, 39573.0)	(31.0, 95752.0)	(32.0, 182715.0)	(33.0, 321662.0)	(34.0, 613179.0)	(35.0, 1862973.0)	(36.0, 16086528.0)	(37.0, 1240772.0)					
BA12-gam_R1_001_trimmed_1U	(24.0, 1.0)	(25.0, 8.0)	(26.0, 196.0)	(27.0, 1415.0)	(28.0, 6689.0)	(29.0, 22700.0)	(30.0, 52970.0)	(31.0, 91335.0)	(32.0, 123458.0)	(33.0, 151140.0)	(34.0, 189200.0)	(35.0, 346992.0)	(36.0, 2190403.0)	(37.0, 400956.0)				
BA12-gam_R1_001_trimmed_2P	(23.0, 1.0)	(24.0, 7.0)	(25.0, 49.0)	(26.0, 395.0)	(27.0, 2636.0)	(28.0, 11813.0)	(29.0, 39718.0)	(30.0, 106543.0)	(31.0, 246267.0)	(32.0, 494566.0)	(33.0, 959721.0)	(34.0, 2029642.0)	(35.0, 5540822.0)	(36.0, 10829407.0)	(37.0, 196849.0)			
BA12-gam_R1_001_trimmed_2U	(23.0, 1.0)	(24.0, 3.0)	(25.0, 29.0)	(26.0, 169.0)	(27.0, 970.0)	(28.0, 3695.0)	(29.0, 9987.0)	(30.0, 19513.0)	(31.0, 29479.0)	(32.0, 34449.0)	(33.0, 32552.0)	(34.0, 25603.0)	(35.0, 19758.0)	(36.0, 14662.0)	(37.0, 199.0)			
BA14-S5_R1_001_trimmed_1P	(25.0, 1.0)	(26.0, 38.0)	(27.0, 448.0)	(28.0, 3220.0)	(29.0, 15123.0)	(30.0, 47813.0)	(31.0, 114369.0)	(32.0, 215315.0)	(33.0, 376521.0)	(34.0, 711681.0)	(35.0, 2126962.0)	(36.0, 18831273.0)	(37.0, 1611833.0)					
BA14-S5_R1_001_trimmed_1U	(25.0, 22.0)	(26.0, 191.0)	(27.0, 1630.0)	(28.0, 7453.0)	(29.0, 25141.0)	(30.0, 57273.0)	(31.0, 98374.0)	(32.0, 133168.0)	(33.0, 165903.0)	(34.0, 209733.0)	(35.0, 371639.0)	(36.0, 2468568.0)	(37.0, 506381.0)					
BA14-S5_R1_001_trimmed_2P	(23.0, 3.0)	(24.0, 2.0)	(25.0, 43.0)	(26.0, 423.0)	(27.0, 2988.0)	(28.0, 12705.0)	(29.0, 42634.0)	(30.0, 112660.0)	(31.0, 256961.0)	(32.0, 508896.0)	(33.0, 966788.0)	(34.0, 1989568.0)	(35.0, 5612447.0)	(36.0, 14191452.0)	(37.0, 357027.0)			
BA14-S5_R1_001_trimmed_2U	(23.0, 1.0)	(24.0, 4.0)	(25.0, 24.0)	(26.0, 173.0)	(27.0, 1050.0)	(28.0, 4097.0)	(29.0, 11390.0)	(30.0, 22644.0)	(31.0, 35121.0)	(32.0, 41591.0)	(33.0, 39644.0)	(34.0, 32480.0)	(35.0, 24135.0)	(36.0, 18589.0)	(37.0, 359.0)			
BA14-WYS_R1_001_trimmed_1P	(26.0, 39.0)	(27.0, 382.0)	(28.0, 2539.0)	(29.0, 12439.0)	(30.0, 40253.0)	(31.0, 97294.0)	(32.0, 186127.0)	(33.0, 326111.0)	(34.0, 625638.0)	(35.0, 1905770.0)	(36.0, 15485449.0)	(37.0, 1145388.0)						
BA14-WYS_R1_001_trimmed_1U	(25.0, 12.0)	(26.0, 160.0)	(27.0, 1155.0)	(28.0, 5759.0)	(29.0, 19430.0)	(30.0, 45126.0)	(31.0, 78854.0)	(32.0, 107823.0)	(33.0, 134283.0)	(34.0, 168424.0)	(35.0, 291107.0)	(36.0, 1714546.0)	(37.0, 309031.0)					
BA14-WYS_R1_001_trimmed_2P	(23.0, 4.0)	(24.0, 6.0)	(25.0, 46.0)	(26.0, 380.0)	(27.0, 2495.0)	(28.0, 10839.0)	(29.0, 37330.0)	(30.0, 100451.0)	(31.0, 231654.0)	(32.0, 461894.0)	(33.0, 875793.0)	(34.0, 1776837.0)	(35.0, 4806487.0)	(36.0, 11261817.0)	(37.0, 261396.0)			
BA14-WYS_R1_001_trimmed_2U	(23.0, 1.0)	(24.0, 1.0)	(25.0, 15.0)	(26.0, 139.0)	(27.0, 932.0)	(28.0, 3277.0)	(29.0, 9277.0)	(30.0, 18788.0)	(31.0, 28841.0)	(32.0, 34843.0)	(33.0, 33509.0)	(34.0, 27246.0)	(35.0, 20787.0)	(36.0, 16746.0)	(37.0, 246.0)			
BA14-gam_R1_001_trimmed_1P	(25.0, 2.0)	(26.0, 43.0)	(27.0, 441.0)	(28.0, 3211.0)	(29.0, 15100.0)	(30.0, 47456.0)	(31.0, 112563.0)	(32.0, 211936.0)	(33.0, 366579.0)	(34.0, 686719.0)	(35.0, 2036120.0)	(36.0, 17195840.0)	(37.0, 1384998.0)					
BA14-gam_R1_001_trimmed_1U	(25.0, 16.0)	(26.0, 204.0)	(27.0, 1530.0)	(28.0, 7205.0)	(29.0, 23568.0)	(30.0, 52975.0)	(31.0, 90448.0)	(32.0, 121666.0)	(33.0, 151451.0)	(34.0, 194522.0)	(35.0, 380930.0)	(36.0, 2629163.0)	(37.0, 504288.0)					
BA14-gam_R1_001_trimmed_2P	(24.0, 3.0)	(25.0, 30.0)	(26.0, 307.0)	(27.0, 2183.0)	(28.0, 9486.0)	(29.0, 33223.0)	(30.0, 91320.0)	(31.0, 213213.0)	(32.0, 431569.0)	(33.0, 839777.0)	(34.0, 1797690.0)	(35.0, 5280142.0)	(36.0, 13057740.0)	(37.0, 304325.0)				
BA14-gam_R1_001_trimmed_2U	(23.0, 1.0)	(24.0, 1.0)	(25.0, 22.0)	(26.0, 158.0)	(27.0, 1025.0)	(28.0, 3807.0)	(29.0, 10759.0)	(30.0, 21494.0)	(31.0, 34300.0)	(32.0, 40831.0)	(33.0, 39884.0)	(34.0, 32776.0)	(35.0, 24159.0)	(36.0, 17497.0)	(37.0, 294.0)			
BA19-S5_R1_001_trimmed_1P	(25.0, 2.0)	(26.0, 43.0)	(27.0, 537.0)	(28.0, 3579.0)	(29.0, 16520.0)	(30.0, 52601.0)	(31.0, 124202.0)	(32.0, 233326.0)	(33.0, 406415.0)	(34.0, 766914.0)	(35.0, 2303235.0)	(36.0, 19654764.0)	(37.0, 1558919.0)					
BA19-S5_R1_001_trimmed_1U	(24.0, 1.0)	(25.0, 22.0)	(26.0, 190.0)	(27.0, 1504.0)	(28.0, 7414.0)	(29.0, 23862.0)	(30.0, 53848.0)	(31.0, 91019.0)	(32.0, 121861.0)	(33.0, 147351.0)	(34.0, 180757.0)	(35.0, 300055.0)	(36.0, 1767640.0)	(37.0, 342808.0)				
BA19-S5_R1_001_trimmed_2P	(23.0, 2.0)	(24.0, 6.0)	(25.0, 55.0)	(26.0, 404.0)	(27.0, 2978.0)	(28.0, 13021.0)	(29.0, 44292.0)	(30.0, 119083.0)	(31.0, 275325.0)	(32.0, 546518.0)	(33.0, 1035210.0)	(34.0, 2094128.0)	(35.0, 5725912.0)	(36.0, 14866739.0)	(37.0, 397384.0)			
BA19-S5_R1_001_trimmed_2U	(24.0, 2.0)	(25.0, 16.0)	(26.0, 204.0)	(27.0, 1149.0)	(28.0, 4133.0)	(29.0, 11347.0)	(30.0, 23527.0)	(31.0, 36832.0)	(32.0, 43963.0)	(33.0, 43765.0)	(34.0, 36069.0)	(35.0, 27998.0)	(36.0, 22979.0)	(37.0, 422.0)				
BA19-WYS_R1_001_trimmed_1P	(25.0, 2.0)	(26.0, 34.0)	(27.0, 387.0)	(28.0, 2712.0)	(29.0, 12491.0)	(30.0, 40059.0)	(31.0, 95568.0)	(32.0, 179125.0)	(33.0, 310982.0)	(34.0, 577248.0)	(35.0, 1716841.0)	(36.0, 14825945.0)	(37.0, 1183249.0)					
BA19-WYS_R1_001_trimmed_1U	(24.0, 1.0)	(25.0, 8.0)	(26.0, 189.0)	(27.0, 1358.0)	(28.0, 6419.0)	(29.0, 21357.0)	(30.0, 47905.0)	(31.0, 81917.0)	(32.0, 108617.0)	(33.0, 133618.0)	(34.0, 169248.0)	(35.0, 320237.0)	(36.0, 2350205.0)	(37.0, 493156.0)				
BA19-WYS_R1_001_trimmed_2P	(24.0, 6.0)	(25.0, 36.0)	(26.0, 274.0)	(27.0, 1902.0)	(28.0, 8619.0)	(29.0, 29923.0)	(30.0, 82278.0)	(31.0, 193170.0)	(32.0, 391275.0)	(33.0, 766864.0)	(34.0, 1651761.0)	(35.0, 4772652.0)	(36.0, 10817081.0)	(37.0, 228802.0)				
BA19-WYS_R1_001_trimmed_2U	(23.0, 1.0)	(24.0, 2.0)	(25.0, 15.0)	(26.0, 141.0)	(27.0, 859.0)	(28.0, 3333.0)	(29.0, 9346.0)	(30.0, 18843.0)	(31.0, 29265.0)	(32.0, 34787.0)	(33.0, 33391.0)	(34.0, 26526.0)	(35.0, 19826.0)	(36.0, 14920.0)	(37.0, 246.0)			
BA19-gam_R1_001_trimmed_1P	(25.0, 13.0)	(26.0, 81.0)	(27.0, 246.0)	(28.0, 590.0)	(29.0, 1467.0)	(30.0, 4241.0)	(31.0, 10394.0)	(32.0, 23930.0)	(33.0, 47507.0)	(34.0, 93337.0)	(35.0, 180277.0)	(36.0, 384174.0)	(37.0, 817284.0)	(38.0, 2357502.0)	(39.0, 13988165.0)	(40.0, 4656745.0)		
BA19-gam_R1_001_trimmed_1U	(24.0, 1.0)	(25.0, 30.0)	(26.0, 139.0)	(27.0, 441.0)	(28.0, 908.0)	(29.0, 2185.0)	(30.0, 5776.0)	(31.0, 12345.0)	(32.0, 24917.0)	(33.0, 41711.0)	(34.0, 69208.0)	(35.0, 107186.0)	(36.0, 171258.0)	(37.0, 252424.0)	(38.0, 438214.0)	(39.0, 2175105.0)	(40.0, 1204336.0)	
BA19-gam_R1_001_trimmed_2P	(24.0, 11.0)	(25.0, 114.0)	(26.0, 630.0)	(27.0, 1684.0)	(28.0, 3118.0)	(29.0, 5086.0)	(30.0, 10211.0)	(31.0, 19125.0)	(32.0, 39536.0)	(33.0, 74657.0)	(34.0, 145454.0)	(35.0, 267385.0)	(36.0, 519298.0)	(37.0, 987290.0)	(38.0, 2500142.0)	(39.0, 13041005.0)	(40.0, 4951207.0)	
BA19-gam_R1_001_trimmed_2U	(24.0, 2.0)	(25.0, 50.0)	(26.0, 185.0)	(27.0, 391.0)	(28.0, 740.0)	(29.0, 1473.0)	(30.0, 3197.0)	(31.0, 5949.0)	(32.0, 11203.0)	(33.0, 17959.0)	(34.0, 27328.0)	(35.0, 36631.0)	(36.0, 53427.0)	(37.0, 73112.0)	(38.0, 76896.0)	(39.0, 56033.0)	(40.0, 11705.0)	
BD5-S5_R1_001_trimmed_1P	(25.0, 1.0)	(26.0, 29.0)	(27.0, 386.0)	(28.0, 2668.0)	(29.0, 12026.0)	(30.0, 37124.0)	(31.0, 85631.0)	(32.0, 157032.0)	(33.0, 261830.0)	(34.0, 472549.0)	(35.0, 1332481.0)	(36.0, 12592169.0)	(37.0, 1222569.0)					
BD5-S5_R1_001_trimmed_1U	(25.0, 22.0)	(26.0, 138.0)	(27.0, 1026.0)	(28.0, 4964.0)	(29.0, 16037.0)	(30.0, 35223.0)	(31.0, 58948.0)	(32.0, 77921.0)	(33.0, 93909.0)	(34.0, 118349.0)	(35.0, 228397.0)	(36.0, 1759911.0)	(37.0, 392021.0)					
BD5-S5_R1_001_trimmed_2P	(24.0, 6.0)	(25.0, 25.0)	(26.0, 192.0)	(27.0, 1286.0)	(28.0, 5778.0)	(29.0, 19909.0)	(30.0, 55157.0)	(31.0, 129602.0)	(32.0, 263789.0)	(33.0, 512890.0)	(34.0, 1092825.0)	(35.0, 3316992.0)	(36.0, 10445772.0)	(37.0, 332272.0)				
BD5-S5_R1_001_trimmed_2U	(24.0, 3.0)	(25.0, 11.0)	(26.0, 106.0)	(27.0, 677.0)	(28.0, 2589.0)	(29.0, 7156.0)	(30.0, 15214.0)	(31.0, 24736.0)	(32.0, 31001.0)	(33.0, 31684.0)	(34.0, 26717.0)	(35.0, 20332.0)	(36.0, 15962.0)	(37.0, 332.0)				
BD5-WYS_R1_001_trimmed_1P	(26.0, 28.0)	(27.0, 393.0)	(28.0, 2824.0)	(29.0, 13009.0)	(30.0, 41128.0)	(31.0, 96243.0)	(32.0, 178000.0)	(33.0, 301182.0)	(34.0, 545697.0)	(35.0, 1547042.0)	(36.0, 14974771.0)	(37.0, 1448672.0)						
BD5-WYS_R1_001_trimmed_1U	(25.0, 19.0)	(26.0, 175.0)	(27.0, 1389.0)	(28.0, 6428.0)	(29.0, 21285.0)	(30.0, 47006.0)	(31.0, 79318.0)	(32.0, 105314.0)	(33.0, 126957.0)	(34.0, 157654.0)	(35.0, 289979.0)	(36.0, 2282906.0)	(37.0, 527531.0)					
BD5-WYS_R1_001_trimmed_2P	(23.0, 1.0)	(24.0, 1.0)	(25.0, 33.0)	(26.0, 248.0)	(27.0, 1847.0)	(28.0, 8511.0)	(29.0, 29094.0)	(30.0, 78319.0)	(31.0, 182805.0)	(32.0, 365074.0)	(33.0, 702065.0)	(34.0, 1482713.0)	(35.0, 4391745.0)	(36.0, 11607176.0)	(37.0, 299357.0)			
BD5-WYS_R1_001_trimmed_2U	(24.0, 2.0)	(25.0, 12.0)	(26.0, 159.0)	(27.0, 873.0)	(28.0, 3374.0)	(29.0, 9242.0)	(30.0, 18772.0)	(31.0, 29596.0)	(32.0, 34825.0)	(33.0, 33527.0)	(34.0, 26684.0)	(35.0, 19675.0)	(36.0, 15425.0)	(37.0, 287.0)				
BD5-gam_R1_001_trimmed_1P	(25.0, 17.0)	(26.0, 82.0)	(27.0, 240.0)	(28.0, 616.0)	(29.0, 1602.0)	(30.0, 4482.0)	(31.0, 11278.0)	(32.0, 25754.0)	(33.0, 51314.0)	(34.0, 101666.0)	(35.0, 196310.0)	(36.0, 424071.0)	(37.0, 930703.0)	(38.0, 2623907.0)	(39.0, 15297896.0)	(40.0, 4847207.0)		
BD5-gam_R1_001_trimmed_1U	(24.0, 1.0)	(25.0, 22.0)	(26.0, 159.0)	(27.0, 382.0)	(28.0, 944.0)	(29.0, 2221.0)	(30.0, 5792.0)	(31.0, 12295.0)	(32.0, 24797.0)	(33.0, 42126.0)	(34.0, 69504.0)	(35.0, 109912.0)	(36.0, 182676.0)	(37.0, 290260.0)	(38.0, 470389.0)	(39.0, 2080377.0)	(40.0, 931981.0)	
BD5-gam_R1_001_trimmed_2P	(24.0, 9.0)	(25.0, 128.0)	(26.0, 658.0)	(27.0, 1639.0)	(28.0, 3196.0)	(29.0, 5510.0)	(30.0, 11175.0)	(31.0, 21947.0)	(32.0, 45011.0)	(33.0, 85525.0)	(34.0, 163885.0)	(35.0, 301202.0)	(36.0, 586546.0)	(37.0, 1117080.0)	(38.0, 2781672.0)	(39.0, 14199387.0)	(40.0, 5192575.0)	
BD5-gam_R1_001_trimmed_2U	(24.0, 5.0)	(25.0, 40.0)	(26.0, 189.0)	(27.0, 384.0)	(28.0, 746.0)	(29.0, 1436.0)	(30.0, 3015.0)	(31.0, 5288.0)	(32.0, 9181.0)	(33.0, 14192.0)	(34.0, 21471.0)	(35.0, 29224.0)	(36.0, 41370.0)	(37.0, 49791.0)	(38.0, 55877.0)	(39.0, 50723.0)	(40.0, 6777.0)	
BF16-S5_R1_001_trimmed_1P	(25.0, 14.0)	(26.0, 71.0)	(27.0, 240.0)	(28.0, 659.0)	(29.0, 1634.0)	(30.0, 4997.0)	(31.0, 12165.0)	(32.0, 27740.0)	(33.0, 54361.0)	(34.0, 107534.0)	(35.0, 204898.0)	(36.0, 429217.0)	(37.0, 916537.0)	(38.0, 2707692.0)	(39.0, 16780743.0)	(40.0, 5743403.0)		
BF16-S5_R1_001_trimmed_1U	(25.0, 21.0)	(26.0, 164.0)	(27.0, 449.0)	(28.0, 976.0)	(29.0, 2227.0)	(30.0, 5904.0)	(31.0, 12933.0)	(32.0, 25592.0)	(33.0, 42939.0)	(34.0, 70952.0)	(35.0, 108986.0)	(36.0, 170980.0)	(37.0, 251224.0)	(38.0, 431080.0)	(39.0, 2123759.0)	(40.0, 1176305.0)		
BF16-S5_R1_001_trimmed_2P	(24.0, 12.0)	(25.0, 148.0)	(26.0, 662.0)	(27.0, 1722.0)	(28.0, 3201.0)	(29.0, 5521.0)	(30.0, 11134.0)	(31.0, 21444.0)	(32.0, 44320.0)	(33.0, 83290.0)	(34.0, 164041.0)	(35.0, 305479.0)	(36.0, 594447.0)	(37.0, 1133995.0)	(38.0, 2884903.0)	(39.0, 15503204.0)	(40.0, 6234382.0)	
BF16-S5_R1_001_trimmed_2U	(24.0, 7.0)	(25.0, 39.0)	(26.0, 160.0)	(27.0, 406.0)	(28.0, 809.0)	(29.0, 1522.0)	(30.0, 3271.0)	(31.0, 6325.0)	(32.0, 11457.0)	(33.0, 17651.0)	(34.0, 26345.0)	(35.0, 35292.0)	(36.0, 51365.0)	(37.0, 64418.0)	(38.0, 68469.0)	(39.0, 57640.0)	(40.0, 10344.0)	
BF16-WYS_R1_001_trimmed_1P	(25.0, 4.0)	(26.0, 39.0)	(27.0, 420.0)	(28.0, 2952.0)	(29.0, 14113.0)	(30.0, 43525.0)	(31.0, 103157.0)	(32.0, 191583.0)	(33.0, 327029.0)	(34.0, 597983.0)	(35.0, 1727689.0)	(36.0, 15927871.0)	(37.0, 1433378.0)					
BF16-WYS_R1_001_trimmed_1U	(24.0, 2.0)	(25.0, 17.0)	(26.0, 180.0)	(27.0, 1426.0)	(28.0, 6386.0)	(29.0, 21220.0)	(30.0, 47226.0)	(31.0, 80192.0)	(32.0, 105883.0)	(33.0, 128423.0)	(34.0, 157514.0)	(35.0, 288853.0)	(36.0, 2189678.0)	(37.0, 492429.0)				
BF16-WYS_R1_001_trimmed_2P	(23.0, 1.0)	(24.0, 1.0)	(25.0, 25.0)	(26.0, 257.0)	(27.0, 1941.0)	(28.0, 8619.0)	(29.0, 29688.0)	(30.0, 79938.0)	(31.0, 186679.0)	(32.0, 375762.0)	(33.0, 726812.0)	(34.0, 1517573.0)	(35.0, 4437157.0)	(36.0, 12650791.0)	(37.0, 354499.0)			
BF16-WYS_R1_001_trimmed_2U	(24.0, 1.0)	(25.0, 19.0)	(26.0, 134.0)	(27.0, 853.0)	(28.0, 3424.0)	(29.0, 9530.0)	(30.0, 19523.0)	(31.0, 30704.0)	(32.0, 37247.0)	(33.0, 36565.0)	(34.0, 29836.0)	(35.0, 22643.0)	(36.0, 18955.0)	(37.0, 360.0)				
BF16-gam_R1_001_trimmed_1P	(24.0, 1.0)	(25.0, 7.0)	(26.0, 88.0)	(27.0, 229.0)	(28.0, 520.0)	(29.0, 1402.0)	(30.0, 4138.0)	(31.0, 10222.0)	(32.0, 24156.0)	(33.0, 48431.0)	(34.0, 98332.0)	(35.0, 193034.0)	(36.0, 427003.0)	(37.0, 961086.0)	(38.0, 2716423.0)	(39.0, 15933744.0)	(40.0, 5110746.0)	
BF16-gam_R1_001_trimmed_1U	(25.0, 18.0)	(26.0, 143.0)	(27.0, 392.0)	(28.0, 851.0)	(29.0, 2106.0)	(30.0, 5370.0)	(31.0, 11841.0)	(32.0, 23683.0)	(33.0, 40251.0)	(34.0, 67570.0)	(35.0, 104623.0)	(36.0, 174888.0)	(37.0, 275827.0)	(38.0, 464298.0)	(39.0, 2148095.0)	(40.0, 1127067.0)		
BF16-gam_R1_001_trimmed_2P	(24.0, 8.0)	(25.0, 101.0)	(26.0, 648.0)	(27.0, 1492.0)	(28.0, 2816.0)	(29.0, 4885.0)	(30.0, 10501.0)	(31.0, 21497.0)	(32.0, 45627.0)	(33.0, 87713.0)	(34.0, 170763.0)	(35.0, 312372.0)	(36.0, 612556.0)	(37.0, 1178274.0)	(38.0, 2978180.0)	(39.0, 15008502.0)	(40.0, 5093627.0)	
BF16-gam_R1_001_trimmed_2U	(24.0, 6.0)	(25.0, 38.0)	(26.0, 181.0)	(27.0, 372.0)	(28.0, 724.0)	(29.0, 1407.0)	(30.0, 3039.0)	(31.0, 5693.0)	(32.0, 10434.0)	(33.0, 16406.0)	(34.0, 24508.0)	(35.0, 33947.0)	(36.0, 49555.0)	(37.0, 63645.0)	(38.0, 68074.0)	(39.0, 57749.0)	(40.0, 10439.0)	
BF5-S5_R1_001_trimmed_1P	(25.0, 5.0)	(26.0, 30.0)	(27.0, 419.0)	(28.0, 2700.0)	(29.0, 12175.0)	(30.0, 38036.0)	(31.0, 88022.0)	(32.0, 163084.0)	(33.0, 275959.0)	(34.0, 497983.0)	(35.0, 1415900.0)	(36.0, 13378317.0)	(37.0, 1274222.0)					
BF5-S5_R1_001_trimmed_1U	(25.0, 16.0)	(26.0, 191.0)	(27.0, 1266.0)	(28.0, 5655.0)	(29.0, 17640.0)	(30.0, 38496.0)	(31.0, 64586.0)	(32.0, 84585.0)	(33.0, 100470.0)	(34.0, 123500.0)	(35.0, 225468.0)	(36.0, 1852399.0)	(37.0, 467365.0)					
BF5-S5_R1_001_trimmed_2P	(24.0, 3.0)	(25.0, 26.0)	(26.0, 183.0)	(27.0, 1333.0)	(28.0, 6155.0)	(29.0, 21530.0)	(30.0, 58982.0)	(31.0, 140103.0)	(32.0, 283975.0)	(33.0, 555752.0)	(34.0, 1188426.0)	(35.0, 3645494.0)	(36.0, 10929495.0)	(37.0, 315395.0)				
BF5-S5_R1_001_trimmed_2U	(24.0, 3.0)	(25.0, 14.0)	(26.0, 130.0)	(27.0, 813.0)	(28.0, 2822.0)	(29.0, 8205.0)	(30.0, 17081.0)	(31.0, 27119.0)	(32.0, 33225.0)	(33.0, 32302.0)	(34.0, 26518.0)	(35.0, 19312.0)	(36.0, 15298.0)	(37.0, 330.0)				
BF5-WYS_R1_001_trimmed_1P	(26.0, 25.0)	(27.0, 383.0)	(28.0, 2626.0)	(29.0, 12149.0)	(30.0, 38899.0)	(31.0, 93037.0)	(32.0, 175815.0)	(33.0, 304973.0)	(34.0, 571380.0)	(35.0, 1681218.0)	(36.0, 15731123.0)	(37.0, 1419139.0)						
BF5-WYS_R1_001_trimmed_1U	(24.0, 1.0)	(25.0, 15.0)	(26.0, 189.0)	(27.0, 1456.0)	(28.0, 6686.0)	(29.0, 21809.0)	(30.0, 49678.0)	(31.0, 85529.0)	(32.0, 115545.0)	(33.0, 142470.0)	(34.0, 177558.0)	(35.0, 302279.0)	(36.0, 2021526.0)	(37.0, 439768.0)				
BF5-WYS_R1_001_trimmed_2P	(24.0, 8.0)	(25.0, 41.0)	(26.0, 405.0)	(27.0, 2652.0)	(28.0, 11684.0)	(29.0, 39130.0)	(30.0, 104548.0)	(31.0, 238187.0)	(32.0, 468436.0)	(33.0, 889054.0)	(34.0, 1816782.0)	(35.0, 4986185.0)	(36.0, 11230332.0)	(37.0, 243323.0)				
BF5-WYS_R1_001_trimmed_2U	(24.0, 2.0)	(25.0, 28.0)	(26.0, 155.0)	(27.0, 967.0)	(28.0, 3621.0)	(29.0, 9604.0)	(30.0, 18726.0)	(31.0, 28900.0)	(32.0, 33597.0)	(33.0, 31866.0)	(34.0, 25712.0)	(35.0, 20001.0)	(36.0, 16814.0)	(37.0, 266.0)				
BF5-gam_R1_001_trimmed_1P	(25.0, 1.0)	(26.0, 40.0)	(27.0, 457.0)	(28.0, 3091.0)	(29.0, 14340.0)	(30.0, 44748.0)	(31.0, 105286.0)	(32.0, 196165.0)	(33.0, 333203.0)	(34.0, 605953.0)	(35.0, 1703682.0)	(36.0, 16529194.0)	(37.0, 1632483.0)					
BF5-gam_R1_001_trimmed_1U	(24.0, 1.0)	(25.0, 18.0)	(26.0, 195.0)	(27.0, 1618.0)	(28.0, 7362.0)	(29.0, 24414.0)	(30.0, 54684.0)	(31.0, 92547.0)	(32.0, 122425.0)	(33.0, 150535.0)	(34.0, 189004.0)	(35.0, 352762.0)	(36.0, 2957682.0)	(37.0, 734669.0)				
BF5-gam_R1_001_trimmed_2P	(24.0, 4.0)	(25.0, 24.0)	(26.0, 291.0)	(27.0, 1978.0)	(28.0, 8807.0)	(29.0, 30725.0)	(30.0, 82989.0)	(31.0, 192150.0)	(32.0, 384922.0)	(33.0, 743568.0)	(34.0, 1583242.0)	(35.0, 4758539.0)	(36.0, 13040564.0)	(37.0, 340840.0)				
BF5-gam_R1_001_trimmed_2U	(25.0, 16.0)	(26.0, 150.0)	(27.0, 962.0)	(28.0, 3699.0)	(29.0, 10384.0)	(30.0, 20272.0)	(31.0, 32233.0)	(32.0, 38488.0)	(33.0, 36757.0)	(34.0, 29587.0)	(35.0, 21487.0)	(36.0, 16970.0)	(37.0, 297.0)					
Cross-S5-1_R1_001_trimmed_1P	(25.0, 4.0)	(26.0, 43.0)	(27.0, 397.0)	(28.0, 2635.0)	(29.0, 12715.0)	(30.0, 40610.0)	(31.0, 99395.0)	(32.0, 190084.0)	(33.0, 333174.0)	(34.0, 625672.0)	(35.0, 1860171.0)	(36.0, 17270562.0)	(37.0, 1488289.0)					
Cross-S5-1_R1_001_trimmed_1U	(25.0, 13.0)	(26.0, 173.0)	(27.0, 1488.0)	(28.0, 7461.0)	(29.0, 24867.0)	(30.0, 57385.0)	(31.0, 99264.0)	(32.0, 132958.0)	(33.0, 160360.0)	(34.0, 197259.0)	(35.0, 347328.0)	(36.0, 2315127.0)	(37.0, 479297.0)					
Cross-S5-1_R1_001_trimmed_2P	(24.0, 9.0)	(25.0, 42.0)	(26.0, 430.0)	(27.0, 2979.0)	(28.0, 12468.0)	(29.0, 41905.0)	(30.0, 111977.0)	(31.0, 256948.0)	(32.0, 515805.0)	(33.0, 1002045.0)	(34.0, 2129829.0)	(35.0, 5895132.0)	(36.0, 11741833.0)	(37.0, 212349.0)				
Cross-S5-1_R1_001_trimmed_2U	(23.0, 1.0)	(24.0, 2.0)	(25.0, 14.0)	(26.0, 194.0)	(27.0, 1046.0)	(28.0, 3944.0)	(29.0, 10639.0)	(30.0, 20733.0)	(31.0, 31304.0)	(32.0, 35576.0)	(33.0, 33399.0)	(34.0, 25926.0)	(35.0, 20141.0)	(36.0, 15926.0)	(37.0, 241.0)			
Cross-S5-2_R1_001_trimmed_1P	(25.0, 1.0)	(26.0, 28.0)	(27.0, 387.0)	(28.0, 2729.0)	(29.0, 13130.0)	(30.0, 42564.0)	(31.0, 103221.0)	(32.0, 197507.0)	(33.0, 345407.0)	(34.0, 650325.0)	(35.0, 1924524.0)	(36.0, 18167170.0)	(37.0, 1657970.0)					
Cross-S5-2_R1_001_trimmed_1U	(25.0, 15.0)	(26.0, 181.0)	(27.0, 1450.0)	(28.0, 7114.0)	(29.0, 23891.0)	(30.0, 56087.0)	(31.0, 98147.0)	(32.0, 132922.0)	(33.0, 162711.0)	(34.0, 201477.0)	(35.0, 344155.0)	(36.0, 2262566.0)	(37.0, 487980.0)					
Cross-S5-2_R1_001_trimmed_2P	(23.0, 1.0)	(24.0, 7.0)	(25.0, 35.0)	(26.0, 496.0)	(27.0, 3150.0)	(28.0, 13081.0)	(29.0, 44043.0)	(30.0, 117408.0)	(31.0, 268234.0)	(32.0, 532754.0)	(33.0, 1015381.0)	(34.0, 2090019.0)	(35.0, 5739196.0)	(36.0, 12992353.0)	(37.0, 288805.0)			
Cross-S5-2_R1_001_trimmed_2U	(24.0, 2.0)	(25.0, 18.0)	(26.0, 168.0)	(27.0, 1033.0)	(28.0, 3846.0)	(29.0, 10309.0)	(30.0, 20319.0)	(31.0, 31153.0)	(32.0, 36478.0)	(33.0, 34869.0)	(34.0, 27531.0)	(35.0, 21070.0)	(36.0, 16981.0)	(37.0, 298.0)				
Cross-S5-3_R1_001_trimmed_1P	(25.0, 1.0)	(26.0, 31.0)	(27.0, 354.0)	(28.0, 2639.0)	(29.0, 12540.0)	(30.0, 38938.0)	(31.0, 92105.0)	(32.0, 171592.0)	(33.0, 293773.0)	(34.0, 540504.0)	(35.0, 1550385.0)	(36.0, 14926236.0)	(37.0, 1411008.0)					
Cross-S5-3_R1_001_trimmed_1U	(25.0, 8.0)	(26.0, 165.0)	(27.0, 1360.0)	(28.0, 6564.0)	(29.0, 21285.0)	(30.0, 47094.0)	(31.0, 79498.0)	(32.0, 105352.0)	(33.0, 127243.0)	(34.0, 156087.0)	(35.0, 274335.0)	(36.0, 2128421.0)	(37.0, 523749.0)					
Cross-S5-3_R1_001_trimmed_2P	(24.0, 1.0)	(25.0, 31.0)	(26.0, 312.0)	(27.0, 2001.0)	(28.0, 8869.0)	(29.0, 30901.0)	(30.0, 82839.0)	(31.0, 192639.0)	(32.0, 385495.0)	(33.0, 745260.0)	(34.0, 1573101.0)	(35.0, 4550493.0)	(36.0, 11208005.0)	(37.0, 260159.0)				
Cross-S5-3_R1_001_trimmed_2U	(24.0, 2.0)	(25.0, 27.0)	(26.0, 150.0)	(27.0, 937.0)	(28.0, 3391.0)	(29.0, 9215.0)	(30.0, 18796.0)	(31.0, 28987.0)	(32.0, 33914.0)	(33.0, 32212.0)	(34.0, 25760.0)	(35.0, 19459.0)	(36.0, 15108.0)	(37.0, 273.0)				
Cross-WYS-1_R1_001_trimmed_1P	(25.0, 1.0)	(26.0, 47.0)	(27.0, 400.0)	(28.0, 2869.0)	(29.0, 13327.0)	(30.0, 40914.0)	(31.0, 97675.0)	(32.0, 183279.0)	(33.0, 311201.0)	(34.0, 572242.0)	(35.0, 1656776.0)	(36.0, 15698413.0)	(37.0, 1433982.0)					
Cross-WYS-1_R1_001_trimmed_1U	(24.0, 3.0)	(25.0, 14.0)	(26.0, 191.0)	(27.0, 1542.0)	(28.0, 6812.0)	(29.0, 22057.0)	(30.0, 50012.0)	(31.0, 84221.0)	(32.0, 111781.0)	(33.0, 134912.0)	(34.0, 166470.0)	(35.0, 299914.0)	(36.0, 2330338.0)	(37.0, 550966.0)				
Cross-WYS-1_R1_001_trimmed_2P	(23.0, 1.0)	(24.0, 2.0)	(25.0, 31.0)	(26.0, 327.0)	(27.0, 2227.0)	(28.0, 9605.0)	(29.0, 32465.0)	(30.0, 87678.0)	(31.0, 202752.0)	(32.0, 402763.0)	(33.0, 770727.0)	(34.0, 1602895.0)	(35.0, 4638153.0)	(36.0, 11971010.0)	(37.0, 290490.0)			
Cross-WYS-1_R1_001_trimmed_2U	(24.0, 4.0)	(25.0, 18.0)	(26.0, 161.0)	(27.0, 907.0)	(28.0, 3545.0)	(29.0, 9698.0)	(30.0, 19810.0)	(31.0, 30506.0)	(32.0, 35694.0)	(33.0, 34011.0)	(34.0, 27309.0)	(35.0, 20672.0)	(36.0, 17878.0)	(37.0, 321.0)				
Cross-WYS-2_R1_001_trimmed_1P	(25.0, 5.0)	(26.0, 48.0)	(27.0, 469.0)	(28.0, 2978.0)	(29.0, 14036.0)	(30.0, 42875.0)	(31.0, 101614.0)	(32.0, 189224.0)	(33.0, 322854.0)	(34.0, 595626.0)	(35.0, 1740991.0)	(36.0, 15580988.0)	(37.0, 1318435.0)					
Cross-WYS-2_R1_001_trimmed_1U	(24.0, 1.0)	(25.0, 11.0)	(26.0, 178.0)	(27.0, 1364.0)	(28.0, 5909.0)	(29.0, 19475.0)	(30.0, 43381.0)	(31.0, 73229.0)	(32.0, 96886.0)	(33.0, 116535.0)	(34.0, 142554.0)	(35.0, 251780.0)	(36.0, 1759228.0)	(37.0, 335570.0)				
Cross-WYS-2_R1_001_trimmed_2P	(24.0, 4.0)	(25.0, 31.0)	(26.0, 300.0)	(27.0, 1996.0)	(28.0, 8599.0)	(29.0, 29892.0)	(30.0, 82060.0)	(31.0, 191426.0)	(32.0, 386458.0)	(33.0, 740829.0)	(34.0, 1533689.0)	(35.0, 4399105.0)	(36.0, 12200025.0)	(37.0, 335729.0)				
Cross-WYS-2_R1_001_trimmed_2U	(24.0, 1.0)	(25.0, 15.0)	(26.0, 155.0)	(27.0, 906.0)	(28.0, 3175.0)	(29.0, 9478.0)	(30.0, 19229.0)	(31.0, 30581.0)	(32.0, 37325.0)	(33.0, 36563.0)	(34.0, 29472.0)	(35.0, 22818.0)	(36.0, 19441.0)	(37.0, 404.0)				
Cross-WYS-3_R1_001_trimmed_1P	(25.0, 3.0)	(26.0, 43.0)	(27.0, 446.0)	(28.0, 2873.0)	(29.0, 13894.0)	(30.0, 43770.0)	(31.0, 103971.0)	(32.0, 193393.0)	(33.0, 331657.0)	(34.0, 607418.0)	(35.0, 1752865.0)	(36.0, 16587172.0)	(37.0, 1536510.0)					
Cross-WYS-3_R1_001_trimmed_1U	(24.0, 2.0)	(25.0, 20.0)	(26.0, 181.0)	(27.0, 1536.0)	(28.0, 6858.0)	(29.0, 22202.0)	(30.0, 50187.0)	(31.0, 84733.0)	(32.0, 112505.0)	(33.0, 135851.0)	(34.0, 167805.0)	(35.0, 301851.0)	(36.0, 2242409.0)	(37.0, 502707.0)				
Cross-WYS-3_R1_001_trimmed_2P	(23.0, 1.0)	(24.0, 4.0)	(25.0, 34.0)	(26.0, 330.0)	(27.0, 2195.0)	(28.0, 9785.0)	(29.0, 33565.0)	(30.0, 91463.0)	(31.0, 210866.0)	(32.0, 421218.0)	(33.0, 806918.0)	(34.0, 1679270.0)	(35.0, 4812568.0)	(36.0, 12772426.0)	(37.0, 333372.0)			
Cross-WYS-3_R1_001_trimmed_2U	(24.0, 2.0)	(25.0, 19.0)	(26.0, 153.0)	(27.0, 882.0)	(28.0, 3647.0)	(29.0, 9953.0)	(30.0, 20097.0)	(31.0, 31815.0)	(32.0, 37404.0)	(33.0, 36352.0)	(34.0, 29105.0)	(35.0, 21701.0)	(36.0, 18042.0)	(37.0, 319.0)				
Cross-gam-1_R1_001_trimmed_1P	(25.0, 2.0)	(26.0, 25.0)	(27.0, 335.0)	(28.0, 2667.0)	(29.0, 11929.0)	(30.0, 37566.0)	(31.0, 89358.0)	(32.0, 168447.0)	(33.0, 293170.0)	(34.0, 546666.0)	(35.0, 1613449.0)	(36.0, 14476624.0)	(37.0, 1248379.0)					
Cross-gam-1_R1_001_trimmed_1U	(25.0, 17.0)	(26.0, 170.0)	(27.0, 1290.0)	(28.0, 5996.0)	(29.0, 19821.0)	(30.0, 44899.0)	(31.0, 77007.0)	(32.0, 104151.0)	(33.0, 129298.0)	(34.0, 162744.0)	(35.0, 286804.0)	(36.0, 1974223.0)	(37.0, 416650.0)					
Cross-gam-1_R1_001_trimmed_2P	(23.0, 3.0)	(24.0, 8.0)	(25.0, 46.0)	(26.0, 317.0)	(27.0, 2248.0)	(28.0, 9643.0)	(29.0, 33640.0)	(30.0, 90769.0)	(31.0, 209582.0)	(32.0, 419353.0)	(33.0, 797601.0)	(34.0, 1634210.0)	(35.0, 4484819.0)	(36.0, 10561157.0)	(37.0, 245221.0)			
Cross-gam-1_R1_001_trimmed_2U	(24.0, 1.0)	(25.0, 16.0)	(26.0, 169.0)	(27.0, 787.0)	(28.0, 3222.0)	(29.0, 8811.0)	(30.0, 17822.0)	(31.0, 27456.0)	(32.0, 32983.0)	(33.0, 31936.0)	(34.0, 25920.0)	(35.0, 19314.0)	(36.0, 15501.0)	(37.0, 281.0)				
Cross-gam-2_R1_001_trimmed_1P	(25.0, 2.0)	(26.0, 36.0)	(27.0, 442.0)	(28.0, 2701.0)	(29.0, 12753.0)	(30.0, 39501.0)	(31.0, 93003.0)	(32.0, 173711.0)	(33.0, 294797.0)	(34.0, 545272.0)	(35.0, 1584055.0)	(36.0, 14713523.0)	(37.0, 1367924.0)					
Cross-gam-2_R1_001_trimmed_1U	(25.0, 16.0)	(26.0, 172.0)	(27.0, 1273.0)	(28.0, 6168.0)	(29.0, 19963.0)	(30.0, 45103.0)	(31.0, 76537.0)	(32.0, 101878.0)	(33.0, 125374.0)	(34.0, 157079.0)	(35.0, 288095.0)	(36.0, 2101570.0)	(37.0, 462117.0)					
Cross-gam-2_R1_001_trimmed_2P	(24.0, 4.0)	(25.0, 40.0)	(26.0, 294.0)	(27.0, 2063.0)	(28.0, 8887.0)	(29.0, 30170.0)	(30.0, 81952.0)	(31.0, 189636.0)	(32.0, 378693.0)	(33.0, 721793.0)	(34.0, 1487622.0)	(35.0, 4209561.0)	(36.0, 11400546.0)	(37.0, 316459.0)				
Cross-gam-2_R1_001_trimmed_2U	(24.0, 1.0)	(25.0, 16.0)	(26.0, 159.0)	(27.0, 838.0)	(28.0, 3296.0)	(29.0, 9009.0)	(30.0, 18080.0)	(31.0, 28459.0)	(32.0, 34319.0)	(33.0, 33338.0)	(34.0, 26872.0)	(35.0, 20149.0)	(36.0, 16465.0)	(37.0, 339.0)				
Cross-gam-3_R1_001_trimmed_1P	(25.0, 1.0)	(26.0, 26.0)	(27.0, 295.0)	(28.0, 2200.0)	(29.0, 10346.0)	(30.0, 32650.0)	(31.0, 78142.0)	(32.0, 148406.0)	(33.0, 258709.0)	(34.0, 487993.0)	(35.0, 1453745.0)	(36.0, 13320824.0)	(37.0, 1187824.0)					
Cross-gam-3_R1_001_trimmed_1U	(25.0, 20.0)	(26.0, 163.0)	(27.0, 1228.0)	(28.0, 5448.0)	(29.0, 18055.0)	(30.0, 40581.0)	(31.0, 69646.0)	(32.0, 93511.0)	(33.0, 114331.0)	(34.0, 140562.0)	(35.0, 222410.0)	(36.0, 1336062.0)	(37.0, 305903.0)					
Cross-gam-3_R1_001_trimmed_2P	(23.0, 1.0)	(24.0, 4.0)	(25.0, 40.0)	(26.0, 325.0)	(27.0, 2319.0)	(28.0, 10296.0)	(29.0, 35021.0)	(30.0, 93054.0)	(31.0, 211234.0)	(32.0, 417432.0)	(33.0, 785735.0)	(34.0, 1590663.0)	(35.0, 4265046.0)	(36.0, 9370120.0)	(37.0, 199871.0)			
Cross-gam-3_R1_001_trimmed_2U	(24.0, 5.0)	(25.0, 18.0)	(26.0, 131.0)	(27.0, 852.0)	(28.0, 3132.0)	(29.0, 8268.0)	(30.0, 16370.0)	(31.0, 24659.0)	(32.0, 28616.0)	(33.0, 26728.0)	(34.0, 20844.0)	(35.0, 16053.0)	(36.0, 13100.0)	(37.0, 226.0)				
RESUB-WT-WYS-4_R1_001_trimmed_1P	(26.0, 25.0)	(27.0, 359.0)	(28.0, 2598.0)	(29.0, 12900.0)	(30.0, 40883.0)	(31.0, 98751.0)	(32.0, 184836.0)	(33.0, 318970.0)	(34.0, 590511.0)	(35.0, 1739573.0)	(36.0, 16337124.0)	(37.0, 1443426.0)						
RESUB-WT-WYS-4_R1_001_trimmed_1U	(25.0, 10.0)	(26.0, 138.0)	(27.0, 1221.0)	(28.0, 6055.0)	(29.0, 20469.0)	(30.0, 46799.0)	(31.0, 80012.0)	(32.0, 107352.0)	(33.0, 128900.0)	(34.0, 158514.0)	(35.0, 284244.0)	(36.0, 1996700.0)	(37.0, 417509.0)					
RESUB-WT-WYS-4_R1_001_trimmed_2P	(23.0, 1.0)	(24.0, 7.0)	(25.0, 34.0)	(26.0, 328.0)	(27.0, 2232.0)	(28.0, 10078.0)	(29.0, 34383.0)	(30.0, 92796.0)	(31.0, 214076.0)	(32.0, 427338.0)	(33.0, 810865.0)	(34.0, 1669954.0)	(35.0, 4719927.0)	(36.0, 12456759.0)	(37.0, 331178.0)			
RESUB-WT-WYS-4_R1_001_trimmed_2U	(25.0, 17.0)	(26.0, 144.0)	(27.0, 883.0)	(28.0, 3385.0)	(29.0, 9695.0)	(30.0, 19445.0)	(31.0, 30253.0)	(32.0, 35458.0)	(33.0, 34478.0)	(34.0, 26894.0)	(35.0, 19890.0)	(36.0, 15795.0)	(37.0, 330.0)					
RNAi-S5-1_R1_001_trimmed_1P	(26.0, 29.0)	(27.0, 277.0)	(28.0, 2035.0)	(29.0, 9484.0)	(30.0, 30662.0)	(31.0, 73676.0)	(32.0, 140591.0)	(33.0, 244674.0)	(34.0, 453550.0)	(35.0, 1322084.0)	(36.0, 13314163.0)	(37.0, 1359631.0)						
RNAi-S5-1_R1_001_trimmed_1U	(25.0, 13.0)	(26.0, 176.0)	(27.0, 1328.0)	(28.0, 6217.0)	(29.0, 20645.0)	(30.0, 46093.0)	(31.0, 79371.0)	(32.0, 107164.0)	(33.0, 130791.0)	(34.0, 159652.0)	(35.0, 266946.0)	(36.0, 1894100.0)	(37.0, 497133.0)					
RNAi-S5-1_R1_001_trimmed_2P	(23.0, 2.0)	(24.0, 4.0)	(25.0, 37.0)	(26.0, 380.0)	(27.0, 2419.0)	(28.0, 10603.0)	(29.0, 35308.0)	(30.0, 92405.0)	(31.0, 209592.0)	(32.0, 413888.0)	(33.0, 791339.0)	(34.0, 1660608.0)	(35.0, 4607069.0)	(36.0, 8967925.0)	(37.0, 159277.0)			
RNAi-S5-1_R1_001_trimmed_2U	(24.0, 2.0)	(25.0, 21.0)	(26.0, 138.0)	(27.0, 911.0)	(28.0, 3081.0)	(29.0, 8495.0)	(30.0, 16078.0)	(31.0, 23809.0)	(32.0, 26872.0)	(33.0, 24512.0)	(34.0, 18582.0)	(35.0, 14844.0)	(36.0, 12385.0)	(37.0, 199.0)				
RNAi-S5-2_R1_001_trimmed_1P	(25.0, 1.0)	(26.0, 32.0)	(27.0, 408.0)	(28.0, 2846.0)	(29.0, 13513.0)	(30.0, 43426.0)	(31.0, 103824.0)	(32.0, 194224.0)	(33.0, 334598.0)	(34.0, 617896.0)	(35.0, 1803547.0)	(36.0, 16986526.0)	(37.0, 1557470.0)					
RNAi-S5-2_R1_001_trimmed_1U	(25.0, 14.0)	(26.0, 178.0)	(27.0, 1393.0)	(28.0, 6768.0)	(29.0, 22597.0)	(30.0, 51536.0)	(31.0, 88509.0)	(32.0, 118485.0)	(33.0, 143254.0)	(34.0, 178085.0)	(35.0, 326307.0)	(36.0, 2431362.0)	(37.0, 531032.0)					
RNAi-S5-2_R1_001_trimmed_2P	(24.0, 5.0)	(25.0, 34.0)	(26.0, 317.0)	(27.0, 2345.0)	(28.0, 10310.0)	(29.0, 35060.0)	(30.0, 95933.0)	(31.0, 220742.0)	(32.0, 441246.0)	(33.0, 843891.0)	(34.0, 1761924.0)	(35.0, 5041281.0)	(36.0, 12876255.0)	(37.0, 328968.0)				
RNAi-S5-2_R1_001_trimmed_2U	(25.0, 12.0)	(26.0, 165.0)	(27.0, 962.0)	(28.0, 3719.0)	(29.0, 10392.0)	(30.0, 20958.0)	(31.0, 32520.0)	(32.0, 38246.0)	(33.0, 36194.0)	(34.0, 28585.0)	(35.0, 21786.0)	(36.0, 19991.0)	(37.0, 390.0)					
RNAi-S5-3_R1_001_trimmed_1P	(25.0, 1.0)	(26.0, 35.0)	(27.0, 403.0)	(28.0, 2928.0)	(29.0, 14081.0)	(30.0, 43060.0)	(31.0, 101251.0)	(32.0, 186681.0)	(33.0, 315279.0)	(34.0, 576774.0)	(35.0, 1678921.0)	(36.0, 15402654.0)	(37.0, 1371702.0)					
RNAi-S5-3_R1_001_trimmed_1U	(25.0, 9.0)	(26.0, 146.0)	(27.0, 1267.0)	(28.0, 5564.0)	(29.0, 18902.0)	(30.0, 41710.0)	(31.0, 69631.0)	(32.0, 91428.0)	(33.0, 109776.0)	(34.0, 136042.0)	(35.0, 268438.0)	(36.0, 1955383.0)	(37.0, 380326.0)					
RNAi-S5-3_R1_001_trimmed_2P	(24.0, 5.0)	(25.0, 18.0)	(26.0, 229.0)	(27.0, 1516.0)	(28.0, 6888.0)	(29.0, 24420.0)	(30.0, 66567.0)	(31.0, 157879.0)	(32.0, 322552.0)	(33.0, 633441.0)	(34.0, 1365481.0)	(35.0, 4128901.0)	(36.0, 12592350.0)	(37.0, 393523.0)				
RNAi-S5-3_R1_001_trimmed_2U	(25.0, 16.0)	(26.0, 120.0)	(27.0, 825.0)	(28.0, 3135.0)	(29.0, 8833.0)	(30.0, 18396.0)	(31.0, 29756.0)	(32.0, 37081.0)	(33.0, 37147.0)	(34.0, 30742.0)	(35.0, 23004.0)	(36.0, 18360.0)	(37.0, 376.0)					
RNAi-WYS-1_R1_001_trimmed_1P	(25.0, 1.0)	(26.0, 35.0)	(27.0, 405.0)	(28.0, 2781.0)	(29.0, 12614.0)	(30.0, 39917.0)	(31.0, 94812.0)	(32.0, 177456.0)	(33.0, 305330.0)	(34.0, 567450.0)	(35.0, 1660507.0)	(36.0, 15349914.0)	(37.0, 1366993.0)					
RNAi-WYS-1_R1_001_trimmed_1U	(24.0, 1.0)	(25.0, 15.0)	(26.0, 205.0)	(27.0, 1403.0)	(28.0, 6342.0)	(29.0, 20548.0)	(30.0, 45299.0)	(31.0, 76857.0)	(32.0, 101696.0)	(33.0, 122885.0)	(34.0, 149678.0)	(35.0, 259974.0)	(36.0, 1748891.0)	(37.0, 369459.0)				
RNAi-WYS-1_R1_001_trimmed_2P	(24.0, 4.0)	(25.0, 26.0)	(26.0, 350.0)	(27.0, 2182.0)	(28.0, 9646.0)	(29.0, 33018.0)	(30.0, 88842.0)	(31.0, 206796.0)	(32.0, 414202.0)	(33.0, 792913.0)	(34.0, 1648940.0)	(35.0, 4689803.0)	(36.0, 11422488.0)	(37.0, 269005.0)				
RNAi-WYS-1_R1_001_trimmed_2U	(24.0, 1.0)	(25.0, 17.0)	(26.0, 162.0)	(27.0, 979.0)	(28.0, 3452.0)	(29.0, 9599.0)	(30.0, 18969.0)	(31.0, 29286.0)	(32.0, 34504.0)	(33.0, 32913.0)	(34.0, 26125.0)	(35.0, 19817.0)	(36.0, 16464.0)	(37.0, 275.0)				
RNAi-WYS-2_R1_001_trimmed_1P	(25.0, 1.0)	(26.0, 36.0)	(27.0, 409.0)	(28.0, 2675.0)	(29.0, 12477.0)	(30.0, 39480.0)	(31.0, 94914.0)	(32.0, 181106.0)	(33.0, 316610.0)	(34.0, 600501.0)	(35.0, 1785243.0)	(36.0, 15746039.0)	(37.0, 1332292.0)					
RNAi-WYS-2_R1_001_trimmed_1U	(25.0, 12.0)	(26.0, 202.0)	(27.0, 1408.0)	(28.0, 6520.0)	(29.0, 21824.0)	(30.0, 49825.0)	(31.0, 84056.0)	(32.0, 113113.0)	(33.0, 138305.0)	(34.0, 167863.0)	(35.0, 283088.0)	(36.0, 1889423.0)	(37.0, 416477.0)					
RNAi-WYS-2_R1_001_trimmed_2P	(24.0, 4.0)	(25.0, 26.0)	(26.0, 337.0)	(27.0, 2374.0)	(28.0, 10552.0)	(29.0, 36449.0)	(30.0, 98707.0)	(31.0, 228681.0)	(32.0, 462114.0)	(33.0, 899823.0)	(34.0, 1885562.0)	(35.0, 5175289.0)	(36.0, 11087956.0)	(37.0, 223909.0)				
RNAi-WYS-2_R1_001_trimmed_2U	(25.0, 25.0)	(26.0, 145.0)	(27.0, 976.0)	(28.0, 3608.0)	(29.0, 9908.0)	(30.0, 19541.0)	(31.0, 30436.0)	(32.0, 35242.0)	(33.0, 33075.0)	(34.0, 25747.0)	(35.0, 19723.0)	(36.0, 15367.0)	(37.0, 223.0)					
RNAi-WYS-3_R1_001_trimmed_1P	(25.0, 3.0)	(26.0, 43.0)	(27.0, 612.0)	(28.0, 3817.0)	(29.0, 17711.0)	(30.0, 54548.0)	(31.0, 128096.0)	(32.0, 235139.0)	(33.0, 393708.0)	(34.0, 701215.0)	(35.0, 1966350.0)	(36.0, 19354705.0)	(37.0, 1826742.0)					
RNAi-WYS-3_R1_001_trimmed_1U	(24.0, 1.0)	(25.0, 11.0)	(26.0, 232.0)	(27.0, 1721.0)	(28.0, 7824.0)	(29.0, 25701.0)	(30.0, 56894.0)	(31.0, 94523.0)	(32.0, 123755.0)	(33.0, 147558.0)	(34.0, 181751.0)	(35.0, 348622.0)	(36.0, 2921781.0)	(37.0, 677952.0)				
RNAi-WYS-3_R1_001_trimmed_2P	(25.0, 26.0)	(26.0, 297.0)	(27.0, 1941.0)	(28.0, 8711.0)	(29.0, 30243.0)	(30.0, 82537.0)	(31.0, 193263.0)	(32.0, 390075.0)	(33.0, 760581.0)	(34.0, 1640681.0)	(35.0, 5110141.0)	(36.0, 15979218.0)	(37.0, 484975.0)					
RNAi-WYS-3_R1_001_trimmed_2U	(24.0, 1.0)	(25.0, 17.0)	(26.0, 151.0)	(27.0, 1008.0)	(28.0, 3916.0)	(29.0, 11312.0)	(30.0, 22967.0)	(31.0, 37723.0)	(32.0, 46123.0)	(33.0, 45680.0)	(34.0, 37566.0)	(35.0, 27739.0)	(36.0, 22527.0)	(37.0, 479.0)				
RNAi-gam-1_R1_001_trimmed_1P	(25.0, 1.0)	(26.0, 24.0)	(27.0, 349.0)	(28.0, 2530.0)	(29.0, 11769.0)	(30.0, 37044.0)	(31.0, 88726.0)	(32.0, 167913.0)	(33.0, 289635.0)	(34.0, 538150.0)	(35.0, 1575130.0)	(36.0, 14231614.0)	(37.0, 1220009.0)					
RNAi-gam-1_R1_001_trimmed_1U	(25.0, 20.0)	(26.0, 162.0)	(27.0, 1289.0)	(28.0, 5742.0)	(29.0, 19042.0)	(30.0, 43157.0)	(31.0, 72757.0)	(32.0, 96810.0)	(33.0, 116071.0)	(34.0, 141229.0)	(35.0, 258166.0)	(36.0, 1870781.0)	(37.0, 383605.0)					
RNAi-gam-1_R1_001_trimmed_2P	(24.0, 2.0)	(25.0, 21.0)	(26.0, 283.0)	(27.0, 1752.0)	(28.0, 8157.0)	(29.0, 27892.0)	(30.0, 75399.0)	(31.0, 176990.0)	(32.0, 360009.0)	(33.0, 708470.0)	(34.0, 1519981.0)	(35.0, 4428389.0)	(36.0, 10615970.0)	(37.0, 239579.0)				
RNAi-gam-1_R1_001_trimmed_2U	(24.0, 1.0)	(25.0, 13.0)	(26.0, 144.0)	(27.0, 856.0)	(28.0, 3166.0)	(29.0, 8655.0)	(30.0, 17874.0)	(31.0, 27235.0)	(32.0, 32457.0)	(33.0, 30922.0)	(34.0, 24524.0)	(35.0, 18297.0)	(36.0, 14771.0)	(37.0, 252.0)				
RNAi-gam-2_R1_001_trimmed_1P	(25.0, 2.0)	(26.0, 44.0)	(27.0, 397.0)	(28.0, 2696.0)	(29.0, 12486.0)	(30.0, 40961.0)	(31.0, 98566.0)	(32.0, 187862.0)	(33.0, 329992.0)	(34.0, 629209.0)	(35.0, 1878936.0)	(36.0, 16111619.0)	(37.0, 1340787.0)					
RNAi-gam-2_R1_001_trimmed_1U	(25.0, 16.0)	(26.0, 185.0)	(27.0, 1332.0)	(28.0, 6449.0)	(29.0, 21367.0)	(30.0, 49232.0)	(31.0, 85354.0)	(32.0, 116340.0)	(33.0, 145478.0)	(34.0, 181904.0)	(35.0, 322554.0)	(36.0, 2176501.0)	(37.0, 453011.0)					
RNAi-gam-2_R1_001_trimmed_2P	(23.0, 1.0)	(24.0, 3.0)	(25.0, 41.0)	(26.0, 329.0)	(27.0, 2379.0)	(28.0, 10479.0)	(29.0, 35904.0)	(30.0, 97881.0)	(31.0, 226684.0)	(32.0, 454705.0)	(33.0, 870205.0)	(34.0, 1789386.0)	(35.0, 4945678.0)	(36.0, 11918112.0)	(37.0, 281770.0)			
RNAi-gam-2_R1_001_trimmed_2U	(23.0, 3.0)	(24.0, 2.0)	(25.0, 25.0)	(26.0, 141.0)	(27.0, 970.0)	(28.0, 3447.0)	(29.0, 9314.0)	(30.0, 18816.0)	(31.0, 29669.0)	(32.0, 35607.0)	(33.0, 34478.0)	(34.0, 27386.0)	(35.0, 20860.0)	(36.0, 17058.0)	(37.0, 313.0)			
RNAi-gam-3_R1_001_trimmed_1P	(25.0, 3.0)	(26.0, 33.0)	(27.0, 476.0)	(28.0, 3209.0)	(29.0, 14853.0)	(30.0, 47451.0)	(31.0, 112627.0)	(32.0, 214745.0)	(33.0, 374268.0)	(34.0, 700652.0)	(35.0, 2076558.0)	(36.0, 18513084.0)	(37.0, 1585133.0)					
RNAi-gam-3_R1_001_trimmed_1U	(24.0, 1.0)	(25.0, 13.0)	(26.0, 203.0)	(27.0, 1546.0)	(28.0, 7639.0)	(29.0, 24723.0)	(30.0, 56798.0)	(31.0, 96904.0)	(32.0, 130221.0)	(33.0, 158801.0)	(34.0, 197513.0)	(35.0, 340169.0)	(36.0, 2349255.0)	(37.0, 522480.0)				
RNAi-gam-3_R1_001_trimmed_2P	(23.0, 1.0)	(24.0, 6.0)	(25.0, 54.0)	(26.0, 459.0)	(27.0, 2817.0)	(28.0, 12332.0)	(29.0, 41938.0)	(30.0, 112757.0)	(31.0, 260121.0)	(32.0, 519221.0)	(33.0, 989038.0)	(34.0, 2035007.0)	(35.0, 5632638.0)	(36.0, 13705921.0)	(37.0, 330782.0)			
RNAi-gam-3_R1_001_trimmed_2U	(23.0, 1.0)	(24.0, 0.0)	(25.0, 22.0)	(26.0, 180.0)	(27.0, 1147.0)	(28.0, 4063.0)	(29.0, 11137.0)	(30.0, 22340.0)	(31.0, 34593.0)	(32.0, 40868.0)	(33.0, 39557.0)	(34.0, 31810.0)	(35.0, 24516.0)	(36.0, 20664.0)	(37.0, 399.0)			
WT-S5-1_R1_001_trimmed_1P	(25.0, 3.0)	(26.0, 20.0)	(27.0, 339.0)	(28.0, 2367.0)	(29.0, 11333.0)	(30.0, 36147.0)	(31.0, 87472.0)	(32.0, 165401.0)	(33.0, 287912.0)	(34.0, 536343.0)	(35.0, 1577096.0)	(36.0, 14986172.0)	(37.0, 1359529.0)					
WT-S5-1_R1_001_trimmed_1U	(25.0, 11.0)	(26.0, 164.0)	(27.0, 1243.0)	(28.0, 6240.0)	(29.0, 20591.0)	(30.0, 47683.0)	(31.0, 82612.0)	(32.0, 112225.0)	(33.0, 138876.0)	(34.0, 174484.0)	(35.0, 316058.0)	(36.0, 2403937.0)	(37.0, 561292.0)					
WT-S5-1_R1_001_trimmed_2P	(23.0, 1.0)	(24.0, 3.0)	(25.0, 39.0)	(26.0, 320.0)	(27.0, 2163.0)	(28.0, 9673.0)	(29.0, 34102.0)	(30.0, 91280.0)	(31.0, 210202.0)	(32.0, 416625.0)	(33.0, 793588.0)	(34.0, 1638410.0)	(35.0, 4588049.0)	(36.0, 11002793.0)	(37.0, 262886.0)			
WT-S5-1_R1_001_trimmed_2U	(23.0, 2.0)	(24.0, 2.0)	(25.0, 21.0)	(26.0, 159.0)	(27.0, 893.0)	(28.0, 3373.0)	(29.0, 9336.0)	(30.0, 18302.0)	(31.0, 28172.0)	(32.0, 32858.0)	(33.0, 30330.0)	(34.0, 23582.0)	(35.0, 17155.0)	(36.0, 13379.0)	(37.0, 241.0)			
WT-S5-2_R1_001_trimmed_1P	(25.0, 1.0)	(26.0, 31.0)	(27.0, 350.0)	(28.0, 2772.0)	(29.0, 12543.0)	(30.0, 40798.0)	(31.0, 96861.0)	(32.0, 183874.0)	(33.0, 317528.0)	(34.0, 591556.0)	(35.0, 1739671.0)	(36.0, 16819676.0)	(37.0, 1559403.0)					
WT-S5-2_R1_001_trimmed_1U	(25.0, 11.0)	(26.0, 174.0)	(27.0, 1354.0)	(28.0, 6699.0)	(29.0, 22552.0)	(30.0, 50908.0)	(31.0, 86989.0)	(32.0, 117478.0)	(33.0, 144053.0)	(34.0, 178222.0)	(35.0, 315449.0)	(36.0, 2351925.0)	(37.0, 542163.0)					
WT-S5-2_R1_001_trimmed_2P	(23.0, 1.0)	(24.0, 0.0)	(25.0, 33.0)	(26.0, 364.0)	(27.0, 2414.0)	(28.0, 10961.0)	(29.0, 36987.0)	(30.0, 98340.0)	(31.0, 227136.0)	(32.0, 446989.0)	(33.0, 844167.0)	(34.0, 1732461.0)	(35.0, 4902081.0)	(36.0, 12739536.0)	(37.0, 323594.0)			
WT-S5-2_R1_001_trimmed_2U	(24.0, 2.0)	(25.0, 17.0)	(26.0, 177.0)	(27.0, 997.0)	(28.0, 3643.0)	(29.0, 10131.0)	(30.0, 20154.0)	(31.0, 31013.0)	(32.0, 36342.0)	(33.0, 34089.0)	(34.0, 26624.0)	(35.0, 19523.0)	(36.0, 15421.0)	(37.0, 271.0)				
WT-S5-3_R1_001_trimmed_1P	(25.0, 6.0)	(26.0, 38.0)	(27.0, 426.0)	(28.0, 2853.0)	(29.0, 13604.0)	(30.0, 42549.0)	(31.0, 99998.0)	(32.0, 187397.0)	(33.0, 322826.0)	(34.0, 598969.0)	(35.0, 1762652.0)	(36.0, 16219989.0)	(37.0, 1404783.0)					
WT-S5-3_R1_001_trimmed_1U	(25.0, 6.0)	(26.0, 148.0)	(27.0, 1269.0)	(28.0, 5921.0)	(29.0, 19531.0)	(30.0, 44351.0)	(31.0, 74375.0)	(32.0, 98816.0)	(33.0, 120643.0)	(34.0, 149174.0)	(35.0, 266751.0)	(36.0, 1856105.0)	(37.0, 343107.0)					
WT-S5-3_R1_001_trimmed_2P	(23.0, 2.0)	(24.0, 4.0)	(25.0, 42.0)	(26.0, 309.0)	(27.0, 2044.0)	(28.0, 8838.0)	(29.0, 31273.0)	(30.0, 85414.0)	(31.0, 197883.0)	(32.0, 393905.0)	(33.0, 757941.0)	(34.0, 1559597.0)	(35.0, 4480081.0)	(36.0, 12766725.0)	(37.0, 372032.0)			
WT-S5-3_R1_001_trimmed_2U	(24.0, 1.0)	(25.0, 12.0)	(26.0, 146.0)	(27.0, 896.0)	(28.0, 3388.0)	(29.0, 9597.0)	(30.0, 19764.0)	(31.0, 30893.0)	(32.0, 37401.0)	(33.0, 36221.0)	(34.0, 29576.0)	(35.0, 21453.0)	(36.0, 16402.0)	(37.0, 316.0)				
WT-WYS-2_R1_001_trimmed_1P	(25.0, 1.0)	(26.0, 33.0)	(27.0, 319.0)	(28.0, 2425.0)	(29.0, 11799.0)	(30.0, 37754.0)	(31.0, 90500.0)	(32.0, 171190.0)	(33.0, 295745.0)	(34.0, 552594.0)	(35.0, 1659743.0)	(36.0, 14860078.0)	(37.0, 1186356.0)					
WT-WYS-2_R1_001_trimmed_1U	(25.0, 10.0)	(26.0, 152.0)	(27.0, 1224.0)	(28.0, 5613.0)	(29.0, 19444.0)	(30.0, 44502.0)	(31.0, 77405.0)	(32.0, 105413.0)	(33.0, 129798.0)	(34.0, 163753.0)	(35.0, 295844.0)	(36.0, 2057195.0)	(37.0, 405597.0)					
WT-WYS-2_R1_001_trimmed_2P	(23.0, 1.0)	(24.0, 5.0)	(25.0, 31.0)	(26.0, 328.0)	(27.0, 2121.0)	(28.0, 9840.0)	(29.0, 34059.0)	(30.0, 91897.0)	(31.0, 212056.0)	(32.0, 424161.0)	(33.0, 809454.0)	(34.0, 1662560.0)	(35.0, 4580373.0)	(36.0, 10789084.0)	(37.0, 252567.0)			
WT-WYS-2_R1_001_trimmed_2U	(24.0, 3.0)	(25.0, 23.0)	(26.0, 126.0)	(27.0, 820.0)	(28.0, 3189.0)	(29.0, 8908.0)	(30.0, 18101.0)	(31.0, 27796.0)	(32.0, 33014.0)	(33.0, 31661.0)	(34.0, 25784.0)	(35.0, 19107.0)	(36.0, 15070.0)	(37.0, 245.0)				
WT-WYS-3_R1_001_trimmed_1P	(26.0, 30.0)	(27.0, 380.0)	(28.0, 2706.0)	(29.0, 12848.0)	(30.0, 40326.0)	(31.0, 95317.0)	(32.0, 178233.0)	(33.0, 302960.0)	(34.0, 554358.0)	(35.0, 1620759.0)	(36.0, 15099776.0)	(37.0, 1303659.0)						
WT-WYS-3_R1_001_trimmed_1U	(25.0, 10.0)	(26.0, 113.0)	(27.0, 1177.0)	(28.0, 5584.0)	(29.0, 19182.0)	(30.0, 43427.0)	(31.0, 73115.0)	(32.0, 96778.0)	(33.0, 115938.0)	(34.0, 143328.0)	(35.0, 270970.0)	(36.0, 2000259.0)	(37.0, 422497.0)					
WT-WYS-3_R1_001_trimmed_2P	(24.0, 6.0)	(25.0, 37.0)	(26.0, 258.0)	(27.0, 1819.0)	(28.0, 7855.0)	(29.0, 27844.0)	(30.0, 75853.0)	(31.0, 177972.0)	(32.0, 357658.0)	(33.0, 692079.0)	(34.0, 1457290.0)	(35.0, 4276231.0)	(36.0, 11811488.0)	(37.0, 324962.0)				
WT-WYS-3_R1_001_trimmed_2U	(24.0, 3.0)	(25.0, 12.0)	(26.0, 161.0)	(27.0, 791.0)	(28.0, 3179.0)	(29.0, 9049.0)	(30.0, 18488.0)	(31.0, 29434.0)	(32.0, 35475.0)	(33.0, 33893.0)	(34.0, 27382.0)	(35.0, 20128.0)	(36.0, 16455.0)	(37.0, 337.0)				
WT-male-gam-1_R1_001_trimmed_1P	(25.0, 1.0)	(26.0, 28.0)	(27.0, 428.0)	(28.0, 2745.0)	(29.0, 13072.0)	(30.0, 42109.0)	(31.0, 99596.0)	(32.0, 188403.0)	(33.0, 322683.0)	(34.0, 595792.0)	(35.0, 1767781.0)	(36.0, 15978507.0)	(37.0, 1310104.0)					
WT-male-gam-1_R1_001_trimmed_1U	(24.0, 1.0)	(25.0, 9.0)	(26.0, 150.0)	(27.0, 1191.0)	(28.0, 5952.0)	(29.0, 20283.0)	(30.0, 46334.0)	(31.0, 78492.0)	(32.0, 104243.0)	(33.0, 125469.0)	(34.0, 155307.0)	(35.0, 293876.0)	(36.0, 2053639.0)	(37.0, 395003.0)				
WT-male-gam-1_R1_001_trimmed_2P	(23.0, 1.0)	(24.0, 7.0)	(25.0, 27.0)	(26.0, 276.0)	(27.0, 1937.0)	(28.0, 8870.0)	(29.0, 30908.0)	(30.0, 83174.0)	(31.0, 195389.0)	(32.0, 395920.0)	(33.0, 773494.0)	(34.0, 1656484.0)	(35.0, 4842412.0)	(36.0, 12043099.0)	(37.0, 289251.0)			
WT-male-gam-1_R1_001_trimmed_2U	(23.0, 2.0)	(24.0, 0.0)	(25.0, 16.0)	(26.0, 152.0)	(27.0, 845.0)	(28.0, 3332.0)	(29.0, 9628.0)	(30.0, 19407.0)	(31.0, 30403.0)	(32.0, 36361.0)	(33.0, 35293.0)	(34.0, 28750.0)	(35.0, 21558.0)	(36.0, 16285.0)	(37.0, 295.0)			
WT-male-gam-2_R1_001_trimmed_1P	(25.0, 3.0)	(26.0, 42.0)	(27.0, 457.0)	(28.0, 2981.0)	(29.0, 14525.0)	(30.0, 46153.0)	(31.0, 110245.0)	(32.0, 206469.0)	(33.0, 356394.0)	(34.0, 654680.0)	(35.0, 1924178.0)	(36.0, 17731505.0)	(37.0, 1501140.0)					
WT-male-gam-2_R1_001_trimmed_1U	(25.0, 15.0)	(26.0, 165.0)	(27.0, 1351.0)	(28.0, 6320.0)	(29.0, 21368.0)	(30.0, 47615.0)	(31.0, 79575.0)	(32.0, 104325.0)	(33.0, 121740.0)	(34.0, 144004.0)	(35.0, 253613.0)	(36.0, 1851772.0)	(37.0, 385957.0)					
WT-male-gam-2_R1_001_trimmed_2P	(24.0, 1.0)	(25.0, 25.0)	(26.0, 283.0)	(27.0, 1860.0)	(28.0, 8869.0)	(29.0, 30920.0)	(30.0, 84066.0)	(31.0, 196386.0)	(32.0, 399672.0)	(33.0, 780998.0)	(34.0, 1675652.0)	(35.0, 5012951.0)	(36.0, 13975157.0)	(37.0, 381932.0)				
WT-male-gam-2_R1_001_trimmed_2U	(24.0, 4.0)	(25.0, 19.0)	(26.0, 163.0)	(27.0, 964.0)	(28.0, 3628.0)	(29.0, 10406.0)	(30.0, 21027.0)	(31.0, 33489.0)	(32.0, 40397.0)	(33.0, 39572.0)	(34.0, 31702.0)	(35.0, 23233.0)	(36.0, 18575.0)	(37.0, 346.0)				
WT-male-gam-3_R1_001_trimmed_1P	(26.0, 42.0)	(27.0, 450.0)	(28.0, 3185.0)	(29.0, 15014.0)	(30.0, 48143.0)	(31.0, 116267.0)	(32.0, 218329.0)	(33.0, 375293.0)	(34.0, 694904.0)	(35.0, 2055046.0)	(36.0, 18732947.0)	(37.0, 1579659.0)						
WT-male-gam-3_R1_001_trimmed_1U	(25.0, 15.0)	(26.0, 167.0)	(27.0, 1441.0)	(28.0, 6908.0)	(29.0, 23591.0)	(30.0, 54174.0)	(31.0, 91361.0)	(32.0, 120604.0)	(33.0, 145140.0)	(34.0, 175442.0)	(35.0, 307576.0)	(36.0, 2152931.0)	(37.0, 485127.0)					
WT-male-gam-3_R1_001_trimmed_2P	(23.0, 4.0)	(24.0, 10.0)	(25.0, 44.0)	(26.0, 398.0)	(27.0, 2488.0)	(28.0, 11047.0)	(29.0, 38511.0)	(30.0, 105054.0)	(31.0, 245025.0)	(32.0, 493519.0)	(33.0, 948749.0)	(34.0, 1966219.0)	(35.0, 5535298.0)	(36.0, 14123383.0)	(37.0, 369530.0)			
WT-male-gam-3_R1_001_trimmed_2U	(24.0, 1.0)	(25.0, 12.0)	(26.0, 173.0)	(27.0, 1052.0)	(28.0, 4142.0)	(29.0, 11322.0)	(30.0, 23033.0)	(31.0, 35623.0)	(32.0, 42445.0)	(33.0, 40759.0)	(34.0, 32081.0)	(35.0, 23955.0)	(36.0, 18857.0)	(37.0, 398.0)				
WT-mature-herm-1_R1_001_trimmed_1P	(24.0, 1.0)	(25.0, 13.0)	(26.0, 65.0)	(27.0, 228.0)	(28.0, 528.0)	(29.0, 1320.0)	(30.0, 3873.0)	(31.0, 9553.0)	(32.0, 21924.0)	(33.0, 43552.0)	(34.0, 87357.0)	(35.0, 171901.0)	(36.0, 365659.0)	(37.0, 764973.0)	(38.0, 2234013.0)	(39.0, 13548724.0)	(40.0, 4732843.0)	
WT-mature-herm-1_R1_001_trimmed_1U	(24.0, 3.0)	(25.0, 20.0)	(26.0, 138.0)	(27.0, 401.0)	(28.0, 833.0)	(29.0, 1933.0)	(30.0, 5254.0)	(31.0, 11413.0)	(32.0, 22476.0)	(33.0, 37918.0)	(34.0, 63828.0)	(35.0, 99723.0)	(36.0, 159460.0)	(37.0, 227640.0)	(38.0, 377536.0)	(39.0, 1724499.0)	(40.0, 990847.0)	
WT-mature-herm-1_R1_001_trimmed_2P	(23.0, 1.0)	(24.0, 9.0)	(25.0, 100.0)	(26.0, 660.0)	(27.0, 1703.0)	(28.0, 3181.0)	(29.0, 5242.0)	(30.0, 10386.0)	(31.0, 19668.0)	(32.0, 40519.0)	(33.0, 76188.0)	(34.0, 149077.0)	(35.0, 274564.0)	(36.0, 530962.0)	(37.0, 1001107.0)	(38.0, 2509927.0)	(39.0, 12674965.0)	(40.0, 4688268.0)
WT-mature-herm-1_R1_001_trimmed_2U	(23.0, 1.0)	(24.0, 4.0)	(25.0, 40.0)	(26.0, 153.0)	(27.0, 338.0)	(28.0, 732.0)	(29.0, 1323.0)	(30.0, 2641.0)	(31.0, 4998.0)	(32.0, 9261.0)	(33.0, 15359.0)	(34.0, 23894.0)	(35.0, 33364.0)	(36.0, 47315.0)	(37.0, 62059.0)	(38.0, 71923.0)	(39.0, 52324.0)	(40.0, 11593.0)
WT-mature-herm-2_R1_001_trimmed_1P	(26.0, 31.0)	(27.0, 288.0)	(28.0, 2298.0)	(29.0, 10957.0)	(30.0, 34898.0)	(31.0, 83774.0)	(32.0, 161262.0)	(33.0, 282456.0)	(34.0, 532955.0)	(35.0, 1597100.0)	(36.0, 15336502.0)	(37.0, 1388830.0)						
WT-mature-herm-2_R1_001_trimmed_1U	(25.0, 9.0)	(26.0, 166.0)	(27.0, 1184.0)	(28.0, 5694.0)	(29.0, 19446.0)	(30.0, 45353.0)	(31.0, 77776.0)	(32.0, 106074.0)	(33.0, 129808.0)	(34.0, 159878.0)	(35.0, 270688.0)	(36.0, 1777506.0)	(37.0, 380246.0)					
WT-mature-herm-2_R1_001_trimmed_2P	(24.0, 3.0)	(25.0, 36.0)	(26.0, 348.0)	(27.0, 2458.0)	(28.0, 10913.0)	(29.0, 36693.0)	(30.0, 97200.0)	(31.0, 222295.0)	(32.0, 438870.0)	(33.0, 832984.0)	(34.0, 1729124.0)	(35.0, 4782532.0)	(36.0, 11028581.0)	(37.0, 249314.0)				
WT-mature-herm-2_R1_001_trimmed_2U	(25.0, 20.0)	(26.0, 137.0)	(27.0, 875.0)	(28.0, 3274.0)	(29.0, 9082.0)	(30.0, 17736.0)	(31.0, 26909.0)	(32.0, 31185.0)	(33.0, 29168.0)	(34.0, 22521.0)	(35.0, 16033.0)	(36.0, 11518.0)	(37.0, 190.0)					
WT-mature-herm-3_R1_001_trimmed_1P	(25.0, 13.0)	(26.0, 75.0)	(27.0, 245.0)	(28.0, 533.0)	(29.0, 1512.0)	(30.0, 4492.0)	(31.0, 10952.0)	(32.0, 24643.0)	(33.0, 48171.0)	(34.0, 94881.0)	(35.0, 181011.0)	(36.0, 379518.0)	(37.0, 799491.0)	(38.0, 2364716.0)	(39.0, 14715127.0)	(40.0, 5063253.0)		
WT-mature-herm-3_R1_001_trimmed_1U	(24.0, 1.0)	(25.0, 27.0)	(26.0, 144.0)	(27.0, 408.0)	(28.0, 849.0)	(29.0, 2096.0)	(30.0, 5789.0)	(31.0, 12470.0)	(32.0, 24490.0)	(33.0, 41150.0)	(34.0, 68522.0)	(35.0, 106800.0)	(36.0, 171812.0)	(37.0, 254395.0)	(38.0, 446366.0)	(39.0, 2265834.0)	(40.0, 1282494.0)	
WT-mature-herm-3_R1_001_trimmed_2P	(24.0, 13.0)	(25.0, 126.0)	(26.0, 675.0)	(27.0, 1694.0)	(28.0, 3133.0)	(29.0, 5328.0)	(30.0, 10465.0)	(31.0, 20354.0)	(32.0, 41145.0)	(33.0, 77680.0)	(34.0, 150876.0)	(35.0, 277950.0)	(36.0, 539125.0)	(37.0, 1020196.0)	(38.0, 2580938.0)	(39.0, 13649487.0)	(40.0, 5309448.0)	
WT-mature-herm-3_R1_001_trimmed_2U	(24.0, 5.0)	(25.0, 32.0)	(26.0, 151.0)	(27.0, 407.0)	(28.0, 700.0)	(29.0, 1414.0)	(30.0, 3038.0)	(31.0, 5678.0)	(32.0, 11127.0)	(33.0, 18025.0)	(34.0, 26492.0)	(35.0, 35574.0)	(36.0, 49999.0)	(37.0, 63858.0)	(38.0, 66744.0)	(39.0, 52685.0)	(40.0, 12080.0)	
