Sample	0	1	2	3	4	5	6	7	8	9	10	11	12	13	14	15	16	17	18	19	20
BA12-S5_R1_001_trimmed_1P	(50, 20159.0)	(55, 19744.0)	(60, 19514.0)	(65, 19001.0)	(70, 19342.0)	(75, 19050.0)	(80, 18760.0)	(85, 18946.0)	(90, 19241.0)	(95, 19446.0)	(100, 20662.0)	(105, 20507.0)	(110, 21243.0)	(115, 22741.0)	(120, 22641.0)	(125, 24561.0)	(130, 25669.0)	(135, 26070.0)	(140, 27757.0)	(145, 345561.0)	(150, 17875360.0)
BA12-S5_R1_001_trimmed_1U	(50, 21832.0)	(55, 23124.0)	(60, 27287.0)	(65, 31914.0)	(70, 40086.0)	(75, 49968.0)	(80, 63429.0)	(85, 80377.0)	(90, 100716.0)	(95, 125646.0)	(100, 151625.0)	(105, 179726.0)	(110, 211873.0)	(115, 249543.0)	(120, 284058.0)	(125, 325934.0)	(130, 363385.0)	(135, 405539.0)	(140, 261810.0)	(145, 30664.0)	(150, 316516.0)
BA12-S5_R1_001_trimmed_2P	(50, 40804.0)	(55, 40301.0)	(60, 42059.0)	(65, 42961.0)	(70, 41184.0)	(75, 42988.0)	(80, 44632.0)	(85, 46611.0)	(90, 47000.0)	(95, 48246.0)	(100, 49163.0)	(105, 50668.0)	(110, 52604.0)	(115, 57998.0)	(120, 60242.0)	(125, 67642.0)	(130, 69377.0)	(135, 71508.0)	(140, 76083.0)	(145, 825178.0)	(150, 16808726.0)
BA12-S5_R1_001_trimmed_2U	(50, 6537.0)	(55, 5924.0)	(60, 5819.0)	(65, 5268.0)	(70, 4805.0)	(75, 4621.0)	(80, 4739.0)	(85, 4253.0)	(90, 4135.0)	(95, 3898.0)	(100, 3846.0)	(105, 3688.0)	(110, 3474.0)	(115, 3612.0)	(120, 3566.0)	(125, 3509.0)	(130, 3475.0)	(135, 3229.0)	(140, 3270.0)	(145, 13683.0)	(150, 90828.0)
BA12-WYS_R1_001_trimmed_1P	(50, 24454.0)	(55, 24465.0)	(60, 24526.0)	(65, 23698.0)	(70, 24458.0)	(75, 24091.0)	(80, 24166.0)	(85, 24339.0)	(90, 24684.0)	(95, 25242.0)	(100, 26802.0)	(105, 26828.0)	(110, 27684.0)	(115, 29079.0)	(120, 29068.0)	(125, 32217.0)	(130, 33128.0)	(135, 33285.0)	(140, 36067.0)	(145, 469465.0)	(150, 23046387.0)
BA12-WYS_R1_001_trimmed_1U	(50, 26799.0)	(55, 28650.0)	(60, 32967.0)	(65, 38137.0)	(70, 46349.0)	(75, 56453.0)	(80, 71128.0)	(85, 86719.0)	(90, 108635.0)	(95, 134067.0)	(100, 162612.0)	(105, 191841.0)	(110, 224409.0)	(115, 265805.0)	(120, 303781.0)	(125, 351986.0)	(130, 396930.0)	(135, 447255.0)	(140, 293348.0)	(145, 43541.0)	(150, 441945.0)
BA12-WYS_R1_001_trimmed_2P	(50, 55282.0)	(55, 54339.0)	(60, 56449.0)	(65, 57974.0)	(70, 55761.0)	(75, 58771.0)	(80, 61121.0)	(85, 64075.0)	(90, 64721.0)	(95, 66496.0)	(100, 68090.0)	(105, 70874.0)	(110, 72531.0)	(115, 79328.0)	(120, 83675.0)	(125, 93402.0)	(130, 96306.0)	(135, 99265.0)	(140, 105628.0)	(145, 1110246.0)	(150, 21559799.0)
BA12-WYS_R1_001_trimmed_2U	(50, 7663.0)	(55, 7064.0)	(60, 6916.0)	(65, 6358.0)	(70, 5864.0)	(75, 5480.0)	(80, 5476.0)	(85, 5157.0)	(90, 4871.0)	(95, 4828.0)	(100, 4564.0)	(105, 4544.0)	(110, 4164.0)	(115, 4270.0)	(120, 4129.0)	(125, 4357.0)	(130, 4071.0)	(135, 3953.0)	(140, 3896.0)	(145, 16329.0)	(150, 107835.0)
BA12-gam_R1_001_trimmed_1P	(50, 21812.0)	(55, 21572.0)	(60, 21722.0)	(65, 21002.0)	(70, 21362.0)	(75, 20935.0)	(80, 20982.0)	(85, 21197.0)	(90, 21615.0)	(95, 22117.0)	(100, 23670.0)	(105, 23590.0)	(110, 24911.0)	(115, 26152.0)	(120, 26138.0)	(125, 29417.0)	(130, 30430.0)	(135, 30516.0)	(140, 33037.0)	(145, 406202.0)	(150, 19590057.0)
BA12-gam_R1_001_trimmed_1U	(50, 25775.0)	(55, 27253.0)	(60, 31326.0)	(65, 36650.0)	(70, 44672.0)	(75, 55777.0)	(80, 69747.0)	(85, 86264.0)	(90, 107175.0)	(95, 132273.0)	(100, 159671.0)	(105, 186512.0)	(110, 217866.0)	(115, 257644.0)	(120, 291070.0)	(125, 337032.0)	(130, 379046.0)	(135, 420663.0)	(140, 273590.0)	(145, 39165.0)	(150, 398292.0)
BA12-gam_R1_001_trimmed_2P	(50, 51413.0)	(55, 50410.0)	(60, 52861.0)	(65, 54703.0)	(70, 51765.0)	(75, 55009.0)	(80, 56854.0)	(85, 59766.0)	(90, 60220.0)	(95, 62448.0)	(100, 63606.0)	(105, 65088.0)	(110, 67553.0)	(115, 73535.0)	(120, 77149.0)	(125, 86035.0)	(130, 88944.0)	(135, 91135.0)	(140, 97296.0)	(145, 994470.0)	(150, 18198176.0)
BA12-gam_R1_001_trimmed_2U	(50, 7030.0)	(55, 6548.0)	(60, 6270.0)	(65, 5950.0)	(70, 5489.0)	(75, 5212.0)	(80, 5116.0)	(85, 4671.0)	(90, 4382.0)	(95, 4290.0)	(100, 4068.0)	(105, 4042.0)	(110, 3782.0)	(115, 3797.0)	(120, 3652.0)	(125, 3781.0)	(130, 3628.0)	(135, 3399.0)	(140, 3388.0)	(145, 13772.0)	(150, 88802.0)
BA14-S5_R1_001_trimmed_1P	(50, 24601.0)	(55, 24405.0)	(60, 23947.0)	(65, 23267.0)	(70, 24082.0)	(75, 23567.0)	(80, 23439.0)	(85, 24155.0)	(90, 23894.0)	(95, 24367.0)	(100, 25835.0)	(105, 25970.0)	(110, 26912.0)	(115, 28458.0)	(120, 28377.0)	(125, 31634.0)	(130, 32710.0)	(135, 32338.0)	(140, 34990.0)	(145, 454078.0)	(150, 23093571.0)
BA14-S5_R1_001_trimmed_1U	(50, 26518.0)	(55, 28045.0)	(60, 32710.0)	(65, 37566.0)	(70, 46835.0)	(75, 57807.0)	(80, 73218.0)	(85, 92959.0)	(90, 116820.0)	(95, 146064.0)	(100, 177472.0)	(105, 211545.0)	(110, 246781.0)	(115, 292607.0)	(120, 337364.0)	(125, 388834.0)	(130, 442538.0)	(135, 493093.0)	(140, 318142.0)	(145, 42237.0)	(150, 436321.0)
BA14-S5_R1_001_trimmed_2P	(50, 54069.0)	(55, 52419.0)	(60, 54495.0)	(65, 55979.0)	(70, 53008.0)	(75, 56191.0)	(80, 57921.0)	(85, 60850.0)	(90, 60663.0)	(95, 62601.0)	(100, 63248.0)	(105, 64848.0)	(110, 66664.0)	(115, 72354.0)	(120, 75545.0)	(125, 84095.0)	(130, 87646.0)	(135, 89074.0)	(140, 94545.0)	(145, 1032474.0)	(150, 21755908.0)
BA14-S5_R1_001_trimmed_2U	(50, 7894.0)	(55, 7371.0)	(60, 7004.0)	(65, 6456.0)	(70, 6180.0)	(75, 5738.0)	(80, 5560.0)	(85, 5345.0)	(90, 5014.0)	(95, 4957.0)	(100, 4691.0)	(105, 4502.0)	(110, 4309.0)	(115, 4458.0)	(120, 4204.0)	(125, 4424.0)	(130, 4246.0)	(135, 4104.0)	(140, 4012.0)	(145, 17105.0)	(150, 113728.0)
BA14-WYS_R1_001_trimmed_1P	(50, 22072.0)	(55, 21944.0)	(60, 21369.0)	(65, 21480.0)	(70, 21523.0)	(75, 21616.0)	(80, 21465.0)	(85, 21928.0)	(90, 22000.0)	(95, 22478.0)	(100, 24013.0)	(105, 24061.0)	(110, 24757.0)	(115, 25545.0)	(120, 25563.0)	(125, 28614.0)	(130, 29478.0)	(135, 29170.0)	(140, 31975.0)	(145, 405407.0)	(150, 18960971.0)
BA14-WYS_R1_001_trimmed_1U	(50, 21032.0)	(55, 21991.0)	(60, 24914.0)	(65, 28633.0)	(70, 34469.0)	(75, 43001.0)	(80, 53487.0)	(85, 65705.0)	(90, 81236.0)	(95, 101225.0)	(100, 121595.0)	(105, 145757.0)	(110, 172061.0)	(115, 201399.0)	(120, 230617.0)	(125, 265347.0)	(130, 298438.0)	(135, 335956.0)	(140, 221104.0)	(145, 37526.0)	(150, 370217.0)
BA14-WYS_R1_001_trimmed_2P	(50, 48049.0)	(55, 47216.0)	(60, 49164.0)	(65, 50103.0)	(70, 48165.0)	(75, 50580.0)	(80, 52370.0)	(85, 54526.0)	(90, 54347.0)	(95, 56533.0)	(100, 57508.0)	(105, 60021.0)	(110, 60633.0)	(115, 66319.0)	(120, 69802.0)	(125, 77892.0)	(130, 80042.0)	(135, 82021.0)	(140, 87974.0)	(145, 912379.0)	(150, 17761785.0)
BA14-WYS_R1_001_trimmed_2U	(50, 6650.0)	(55, 6259.0)	(60, 6017.0)	(65, 5444.0)	(70, 5132.0)	(75, 5069.0)	(80, 4865.0)	(85, 4564.0)	(90, 4312.0)	(95, 4134.0)	(100, 4106.0)	(105, 3928.0)	(110, 3636.0)	(115, 3648.0)	(120, 3514.0)	(125, 3648.0)	(130, 3644.0)	(135, 3371.0)	(140, 3368.0)	(145, 14296.0)	(150, 95043.0)
BA14-gam_R1_001_trimmed_1P	(50, 24287.0)	(55, 24141.0)	(60, 24431.0)	(65, 23474.0)	(70, 23587.0)	(75, 23231.0)	(80, 23305.0)	(85, 23804.0)	(90, 23970.0)	(95, 24604.0)	(100, 26118.0)	(105, 26062.0)	(110, 26756.0)	(115, 29146.0)	(120, 28467.0)	(125, 32160.0)	(130, 33228.0)	(135, 32566.0)	(140, 36045.0)	(145, 445255.0)	(150, 21106371.0)
BA14-gam_R1_001_trimmed_1U	(50, 28032.0)	(55, 31783.0)	(60, 38326.0)	(65, 46026.0)	(70, 57501.0)	(75, 72144.0)	(80, 90431.0)	(85, 111955.0)	(90, 136854.0)	(95, 169443.0)	(100, 202127.0)	(105, 231596.0)	(110, 265068.0)	(115, 310501.0)	(120, 350743.0)	(125, 400671.0)	(130, 449840.0)	(135, 494701.0)	(140, 320276.0)	(145, 33166.0)	(150, 316782.0)
BA14-gam_R1_001_trimmed_2P	(50, 45168.0)	(55, 44355.0)	(60, 46809.0)	(65, 48176.0)	(70, 45077.0)	(75, 48356.0)	(80, 49798.0)	(85, 52771.0)	(90, 52572.0)	(95, 55602.0)	(100, 55669.0)	(105, 57064.0)	(110, 59644.0)	(115, 64785.0)	(120, 67580.0)	(125, 75840.0)	(130, 78548.0)	(135, 81181.0)	(140, 86185.0)	(145, 957858.0)	(150, 19987970.0)
BA14-gam_R1_001_trimmed_2U	(50, 7739.0)	(55, 7233.0)	(60, 6938.0)	(65, 6326.0)	(70, 5985.0)	(75, 5899.0)	(80, 5682.0)	(85, 5279.0)	(90, 5002.0)	(95, 4807.0)	(100, 4738.0)	(105, 4637.0)	(110, 4362.0)	(115, 4363.0)	(120, 4158.0)	(125, 4413.0)	(130, 4226.0)	(135, 4022.0)	(140, 4076.0)	(145, 16855.0)	(150, 110268.0)
BA19-S5_R1_001_trimmed_1P	(50, 27809.0)	(55, 27659.0)	(60, 27483.0)	(65, 27133.0)	(70, 27624.0)	(75, 27303.0)	(80, 27665.0)	(85, 27836.0)	(90, 27471.0)	(95, 28064.0)	(100, 29663.0)	(105, 29357.0)	(110, 31064.0)	(115, 32336.0)	(120, 31878.0)	(125, 35694.0)	(130, 36212.0)	(135, 35838.0)	(140, 38983.0)	(145, 496033.0)	(150, 24047952.0)
BA19-S5_R1_001_trimmed_1U	(50, 25494.0)	(55, 26978.0)	(60, 29878.0)	(65, 33770.0)	(70, 40880.0)	(75, 48817.0)	(80, 59114.0)	(85, 71834.0)	(90, 87479.0)	(95, 105994.0)	(100, 126924.0)	(105, 147574.0)	(110, 172778.0)	(115, 202454.0)	(120, 233904.0)	(125, 269622.0)	(130, 306656.0)	(135, 347200.0)	(140, 230586.0)	(145, 42531.0)	(150, 427865.0)
BA19-S5_R1_001_trimmed_2P	(50, 56365.0)	(55, 55634.0)	(60, 58183.0)	(65, 59787.0)	(70, 57831.0)	(75, 60079.0)	(80, 62745.0)	(85, 65240.0)	(90, 65712.0)	(95, 66899.0)	(100, 69320.0)	(105, 70572.0)	(110, 72865.0)	(115, 79815.0)	(120, 83021.0)	(125, 93061.0)	(130, 95960.0)	(135, 98081.0)	(140, 104749.0)	(145, 1107866.0)	(150, 22637272.0)
BA19-S5_R1_001_trimmed_2U	(50, 8331.0)	(55, 7750.0)	(60, 7312.0)	(65, 6837.0)	(70, 6429.0)	(75, 6275.0)	(80, 5845.0)	(85, 5774.0)	(90, 5458.0)	(95, 5317.0)	(100, 5001.0)	(105, 4924.0)	(110, 4629.0)	(115, 4684.0)	(120, 4539.0)	(125, 4839.0)	(130, 4647.0)	(135, 4379.0)	(140, 4361.0)	(145, 18407.0)	(150, 126668.0)
BA19-WYS_R1_001_trimmed_1P	(50, 20801.0)	(55, 20649.0)	(60, 20621.0)	(65, 19630.0)	(70, 20173.0)	(75, 19894.0)	(80, 19683.0)	(85, 20276.0)	(90, 20308.0)	(95, 20915.0)	(100, 21927.0)	(105, 22074.0)	(110, 22596.0)	(115, 24025.0)	(120, 24028.0)	(125, 26855.0)	(130, 27522.0)	(135, 27734.0)	(140, 29869.0)	(145, 370760.0)	(150, 18144303.0)
BA19-WYS_R1_001_trimmed_1U	(50, 25762.0)	(55, 27959.0)	(60, 33497.0)	(65, 40365.0)	(70, 50810.0)	(75, 63149.0)	(80, 79278.0)	(85, 96920.0)	(90, 120769.0)	(95, 148357.0)	(100, 178851.0)	(105, 206994.0)	(110, 239766.0)	(115, 281121.0)	(120, 320332.0)	(125, 364520.0)	(130, 407332.0)	(135, 448827.0)	(140, 286216.0)	(145, 29832.0)	(150, 283578.0)
BA19-WYS_R1_001_trimmed_2P	(50, 39923.0)	(55, 39585.0)	(60, 40960.0)	(65, 42793.0)	(70, 40862.0)	(75, 42992.0)	(80, 45087.0)	(85, 47168.0)	(90, 47926.0)	(95, 49861.0)	(100, 50748.0)	(105, 52521.0)	(110, 54376.0)	(115, 59631.0)	(120, 62464.0)	(125, 69283.0)	(130, 72835.0)	(135, 74801.0)	(140, 79700.0)	(145, 857926.0)	(150, 17073201.0)
BA19-WYS_R1_001_trimmed_2U	(50, 6613.0)	(55, 6222.0)	(60, 5907.0)	(65, 5477.0)	(70, 5031.0)	(75, 4883.0)	(80, 4651.0)	(85, 4616.0)	(90, 4435.0)	(95, 4130.0)	(100, 4016.0)	(105, 3968.0)	(110, 3699.0)	(115, 3746.0)	(120, 3740.0)	(125, 3786.0)	(130, 3596.0)	(135, 3478.0)	(140, 3417.0)	(145, 14270.0)	(150, 91820.0)
BA19-gam_R1_001_trimmed_1P	(50, 73508.0)	(55, 20603.0)	(60, 15087.0)	(65, 14443.0)	(70, 18691.0)	(75, 26317.0)	(80, 37908.0)	(85, 30839.0)	(90, 34308.0)	(95, 37566.0)	(100, 16893.0)	(105, 14630.0)	(110, 13830.0)	(115, 13649.0)	(120, 13764.0)	(125, 14099.0)	(130, 14456.0)	(135, 14804.0)	(140, 15912.0)	(145, 188572.0)	(150, 21936074.0)
BA19-gam_R1_001_trimmed_1U	(50, 36461.0)	(55, 19272.0)	(60, 17110.0)	(65, 18120.0)	(70, 24234.0)	(75, 33026.0)	(80, 50038.0)	(85, 63066.0)	(90, 95613.0)	(95, 134371.0)	(100, 177007.0)	(105, 231279.0)	(110, 311746.0)	(115, 366818.0)	(120, 438699.0)	(125, 477276.0)	(130, 509976.0)	(135, 532848.0)	(140, 325558.0)	(145, 27559.0)	(150, 616107.0)
BA19-gam_R1_001_trimmed_2P	(50, 35787.0)	(55, 32845.0)	(60, 30198.0)	(65, 30244.0)	(70, 30390.0)	(75, 31075.0)	(80, 26698.0)	(85, 28961.0)	(90, 32228.0)	(95, 30509.0)	(100, 32638.0)	(105, 26063.0)	(110, 26575.0)	(115, 26969.0)	(120, 26720.0)	(125, 27330.0)	(130, 28272.0)	(135, 27764.0)	(140, 29536.0)	(145, 279634.0)	(150, 21725517.0)
BA19-gam_R1_001_trimmed_2U	(50, 10329.0)	(55, 6627.0)	(60, 6096.0)	(65, 6676.0)	(70, 5348.0)	(75, 4371.0)	(80, 3230.0)	(85, 3281.0)	(90, 3503.0)	(95, 5071.0)	(100, 13269.0)	(105, 3320.0)	(110, 3298.0)	(115, 3405.0)	(120, 3322.0)	(125, 3226.0)	(130, 3138.0)	(135, 2989.0)	(140, 3056.0)	(145, 10639.0)	(150, 272087.0)
BD5-S5_R1_001_trimmed_1P	(50, 18400.0)	(55, 18323.0)	(60, 17971.0)	(65, 17569.0)	(70, 17773.0)	(75, 17529.0)	(80, 17665.0)	(85, 17703.0)	(90, 17871.0)	(95, 17964.0)	(100, 19143.0)	(105, 19344.0)	(110, 19966.0)	(115, 21053.0)	(120, 21050.0)	(125, 23404.0)	(130, 24473.0)	(135, 24121.0)	(140, 26187.0)	(145, 309309.0)	(150, 15489677.0)
BD5-S5_R1_001_trimmed_1U	(50, 19740.0)	(55, 22049.0)	(60, 26433.0)	(65, 32441.0)	(70, 41024.0)	(75, 51199.0)	(80, 64395.0)	(85, 77531.0)	(90, 94272.0)	(95, 113404.0)	(100, 133282.0)	(105, 157396.0)	(110, 181671.0)	(115, 210717.0)	(120, 236760.0)	(125, 270297.0)	(130, 301879.0)	(135, 336046.0)	(140, 215224.0)	(145, 19337.0)	(150, 181769.0)
BD5-S5_R1_001_trimmed_2P	(50, 26636.0)	(55, 26862.0)	(60, 27476.0)	(65, 28688.0)	(70, 27500.0)	(75, 29717.0)	(80, 30308.0)	(85, 31700.0)	(90, 32053.0)	(95, 33199.0)	(100, 33878.0)	(105, 35580.0)	(110, 36615.0)	(115, 40103.0)	(120, 42480.0)	(125, 46767.0)	(130, 48659.0)	(135, 50528.0)	(140, 54079.0)	(145, 632863.0)	(150, 14860804.0)
BD5-S5_R1_001_trimmed_2U	(50, 5501.0)	(55, 5137.0)	(60, 4812.0)	(65, 4482.0)	(70, 4250.0)	(75, 4104.0)	(80, 3844.0)	(85, 3725.0)	(90, 3487.0)	(95, 3580.0)	(100, 3359.0)	(105, 3309.0)	(110, 3113.0)	(115, 3193.0)	(120, 3231.0)	(125, 3254.0)	(130, 3198.0)	(135, 3017.0)	(140, 3027.0)	(145, 13255.0)	(150, 91642.0)
BD5-WYS_R1_001_trimmed_1P	(50, 20105.0)	(55, 20323.0)	(60, 20052.0)	(65, 19958.0)	(70, 20058.0)	(75, 19224.0)	(80, 19861.0)	(85, 19913.0)	(90, 20352.0)	(95, 20653.0)	(100, 22030.0)	(105, 22273.0)	(110, 22701.0)	(115, 24144.0)	(120, 23652.0)	(125, 26860.0)	(130, 27580.0)	(135, 27669.0)	(140, 29851.0)	(145, 356684.0)	(150, 18365046.0)
BD5-WYS_R1_001_trimmed_1U	(50, 23340.0)	(55, 25203.0)	(60, 29474.0)	(65, 34404.0)	(70, 42901.0)	(75, 54493.0)	(80, 69154.0)	(85, 88620.0)	(90, 111681.0)	(95, 141235.0)	(100, 172053.0)	(105, 204434.0)	(110, 240243.0)	(115, 280338.0)	(120, 319129.0)	(125, 364844.0)	(130, 409185.0)	(135, 452680.0)	(140, 292574.0)	(145, 27571.0)	(150, 262405.0)
BD5-WYS_R1_001_trimmed_2P	(50, 37529.0)	(55, 36687.0)	(60, 38648.0)	(65, 39561.0)	(70, 37747.0)	(75, 39872.0)	(80, 41018.0)	(85, 43463.0)	(90, 43594.0)	(95, 45368.0)	(100, 45917.0)	(105, 47707.0)	(110, 49399.0)	(115, 54403.0)	(120, 57005.0)	(125, 63472.0)	(130, 65642.0)	(135, 69049.0)	(140, 73206.0)	(145, 823060.0)	(150, 17396642.0)
BD5-WYS_R1_001_trimmed_2U	(50, 6787.0)	(55, 6098.0)	(60, 5964.0)	(65, 5494.0)	(70, 5070.0)	(75, 4943.0)	(80, 4697.0)	(85, 4413.0)	(90, 4300.0)	(95, 4105.0)	(100, 3855.0)	(105, 3845.0)	(110, 3719.0)	(115, 3857.0)	(120, 3712.0)	(125, 3759.0)	(130, 3632.0)	(135, 3488.0)	(140, 3429.0)	(145, 14301.0)	(150, 92985.0)
BD5-gam_R1_001_trimmed_1P	(50, 169690.0)	(55, 78168.0)	(60, 19033.0)	(65, 17299.0)	(70, 21991.0)	(75, 30249.0)	(80, 42403.0)	(85, 34802.0)	(90, 39748.0)	(95, 43340.0)	(100, 20057.0)	(105, 16929.0)	(110, 16445.0)	(115, 15709.0)	(120, 15813.0)	(125, 15756.0)	(130, 16332.0)	(135, 16325.0)	(140, 17549.0)	(145, 214036.0)	(150, 23655471.0)
BD5-gam_R1_001_trimmed_1U	(50, 104209.0)	(55, 46790.0)	(60, 19139.0)	(65, 19931.0)	(70, 26845.0)	(75, 35295.0)	(80, 51074.0)	(85, 62940.0)	(90, 92094.0)	(95, 124674.0)	(100, 161789.0)	(105, 206028.0)	(110, 269362.0)	(115, 320658.0)	(120, 378977.0)	(125, 413983.0)	(130, 447292.0)	(135, 470111.0)	(140, 294586.0)	(145, 29092.0)	(150, 648969.0)
BD5-gam_R1_001_trimmed_2P	(50, 41093.0)	(55, 38634.0)	(60, 36643.0)	(65, 36533.0)	(70, 36002.0)	(75, 36223.0)	(80, 31603.0)	(85, 33177.0)	(90, 36735.0)	(95, 37733.0)	(100, 51608.0)	(105, 31252.0)	(110, 31569.0)	(115, 32462.0)	(120, 32191.0)	(125, 32210.0)	(130, 33495.0)	(135, 33506.0)	(140, 35456.0)	(145, 311924.0)	(150, 23527096.0)
BD5-gam_R1_001_trimmed_2U	(50, 7397.0)	(55, 5688.0)	(60, 4761.0)	(65, 4647.0)	(70, 4619.0)	(75, 4155.0)	(80, 3470.0)	(85, 3392.0)	(90, 3557.0)	(95, 3585.0)	(100, 4546.0)	(105, 2714.0)	(110, 2569.0)	(115, 2717.0)	(120, 2589.0)	(125, 2434.0)	(130, 2524.0)	(135, 2526.0)	(140, 2694.0)	(145, 10456.0)	(150, 208669.0)
BF16-S5_R1_001_trimmed_1P	(50, 70652.0)	(55, 20933.0)	(60, 18297.0)	(65, 17580.0)	(70, 23087.0)	(75, 31719.0)	(80, 43420.0)	(85, 36833.0)	(90, 41717.0)	(95, 45571.0)	(100, 20654.0)	(105, 17606.0)	(110, 16942.0)	(115, 16219.0)	(120, 16275.0)	(125, 16381.0)	(130, 16869.0)	(135, 17395.0)	(140, 18786.0)	(145, 220262.0)	(150, 26264707.0)
BF16-S5_R1_001_trimmed_1U	(50, 36095.0)	(55, 19573.0)	(60, 18054.0)	(65, 18866.0)	(70, 25101.0)	(75, 34128.0)	(80, 50060.0)	(85, 63658.0)	(90, 92881.0)	(95, 128519.0)	(100, 169658.0)	(105, 221005.0)	(110, 289691.0)	(115, 346137.0)	(120, 413917.0)	(125, 457463.0)	(130, 500121.0)	(135, 529450.0)	(140, 328455.0)	(145, 29083.0)	(150, 652576.0)
BF16-S5_R1_001_trimmed_2P	(50, 39887.0)	(55, 37127.0)	(60, 33976.0)	(65, 34336.0)	(70, 35403.0)	(75, 36491.0)	(80, 32040.0)	(85, 34360.0)	(90, 38365.0)	(95, 36221.0)	(100, 38839.0)	(105, 31090.0)	(110, 31217.0)	(115, 31795.0)	(120, 31388.0)	(125, 32135.0)	(130, 32484.0)	(135, 32423.0)	(140, 34636.0)	(145, 325508.0)	(150, 26012184.0)
BF16-S5_R1_001_trimmed_2U	(50, 10338.0)	(55, 6087.0)	(60, 5468.0)	(65, 5587.0)	(70, 4862.0)	(75, 4248.0)	(80, 3356.0)	(85, 3466.0)	(90, 3646.0)	(95, 4595.0)	(100, 10046.0)	(105, 3102.0)	(110, 3010.0)	(115, 3108.0)	(120, 2942.0)	(125, 2837.0)	(130, 2684.0)	(135, 2659.0)	(140, 2814.0)	(145, 10810.0)	(150, 259855.0)
BF16-WYS_R1_001_trimmed_1P	(50, 22186.0)	(55, 22215.0)	(60, 21957.0)	(65, 21859.0)	(70, 22081.0)	(75, 21667.0)	(80, 21718.0)	(85, 21983.0)	(90, 22200.0)	(95, 22222.0)	(100, 23797.0)	(105, 23974.0)	(110, 24846.0)	(115, 26312.0)	(120, 25960.0)	(125, 29329.0)	(130, 30144.0)	(135, 29591.0)	(140, 32067.0)	(145, 390411.0)	(150, 19513224.0)
BF16-WYS_R1_001_trimmed_1U	(50, 23750.0)	(55, 25442.0)	(60, 30220.0)	(65, 35760.0)	(70, 44165.0)	(75, 55604.0)	(80, 70171.0)	(85, 88729.0)	(90, 109910.0)	(95, 136394.0)	(100, 163461.0)	(105, 192854.0)	(110, 225809.0)	(115, 265286.0)	(120, 302500.0)	(125, 345803.0)	(130, 388918.0)	(135, 431522.0)	(140, 278481.0)	(145, 28888.0)	(150, 275762.0)
BF16-WYS_R1_001_trimmed_2P	(50, 38353.0)	(55, 37596.0)	(60, 39553.0)	(65, 40746.0)	(70, 39002.0)	(75, 41157.0)	(80, 42893.0)	(85, 45045.0)	(90, 45367.0)	(95, 46958.0)	(100, 47727.0)	(105, 49383.0)	(110, 50958.0)	(115, 56213.0)	(120, 58685.0)	(125, 66328.0)	(130, 68106.0)	(135, 70505.0)	(140, 75688.0)	(145, 847817.0)	(150, 18561663.0)
BF16-WYS_R1_001_trimmed_2U	(50, 6865.0)	(55, 6363.0)	(60, 6116.0)	(65, 5693.0)	(70, 5177.0)	(75, 5062.0)	(80, 4944.0)	(85, 4671.0)	(90, 4461.0)	(95, 4327.0)	(100, 4141.0)	(105, 4191.0)	(110, 3821.0)	(115, 3949.0)	(120, 3751.0)	(125, 3944.0)	(130, 3832.0)	(135, 3657.0)	(140, 3707.0)	(145, 15728.0)	(150, 105394.0)
BF16-gam_R1_001_trimmed_1P	(50, 264400.0)	(55, 39677.0)	(60, 17324.0)	(65, 16723.0)	(70, 21658.0)	(75, 29034.0)	(80, 40812.0)	(85, 34814.0)	(90, 39076.0)	(95, 42669.0)	(100, 19916.0)	(105, 17183.0)	(110, 16621.0)	(115, 16563.0)	(120, 16513.0)	(125, 16676.0)	(130, 17277.0)	(135, 17206.0)	(140, 18657.0)	(145, 213812.0)	(150, 24612951.0)
BF16-gam_R1_001_trimmed_1U	(50, 106034.0)	(55, 22880.0)	(60, 17761.0)	(65, 18800.0)	(70, 25987.0)	(75, 35056.0)	(80, 51632.0)	(85, 66041.0)	(90, 98490.0)	(95, 134542.0)	(100, 179450.0)	(105, 228310.0)	(110, 297055.0)	(115, 350261.0)	(120, 417279.0)	(125, 454038.0)	(130, 488911.0)	(135, 513963.0)	(140, 319136.0)	(145, 26352.0)	(150, 595045.0)
BF16-gam_R1_001_trimmed_2P	(50, 49109.0)	(55, 37830.0)	(60, 36400.0)	(65, 37578.0)	(70, 37514.0)	(75, 37688.0)	(80, 33353.0)	(85, 35652.0)	(90, 39481.0)	(95, 40248.0)	(100, 55384.0)	(105, 34226.0)	(110, 34404.0)	(115, 35589.0)	(120, 35031.0)	(125, 35464.0)	(130, 36821.0)	(135, 36163.0)	(140, 38039.0)	(145, 332537.0)	(150, 24471051.0)
BF16-gam_R1_001_trimmed_2U	(50, 9594.0)	(55, 5468.0)	(60, 4838.0)	(65, 5199.0)	(70, 5092.0)	(75, 4216.0)	(80, 3355.0)	(85, 3507.0)	(90, 3702.0)	(95, 5092.0)	(100, 11433.0)	(105, 3158.0)	(110, 3053.0)	(115, 2989.0)	(120, 2912.0)	(125, 2827.0)	(130, 2785.0)	(135, 2733.0)	(140, 2961.0)	(145, 10976.0)	(150, 250327.0)
BF5-S5_R1_001_trimmed_1P	(50, 18767.0)	(55, 18471.0)	(60, 18020.0)	(65, 17763.0)	(70, 17973.0)	(75, 17807.0)	(80, 17639.0)	(85, 17681.0)	(90, 18055.0)	(95, 18238.0)	(100, 19263.0)	(105, 19438.0)	(110, 20187.0)	(115, 21129.0)	(120, 21132.0)	(125, 23707.0)	(130, 24369.0)	(135, 23777.0)	(140, 26266.0)	(145, 319490.0)	(150, 16447680.0)
BF5-S5_R1_001_trimmed_1U	(50, 20529.0)	(55, 22799.0)	(60, 27465.0)	(65, 32995.0)	(70, 41605.0)	(75, 52032.0)	(80, 65827.0)	(85, 80727.0)	(90, 99211.0)	(95, 120848.0)	(100, 143058.0)	(105, 167837.0)	(110, 192492.0)	(115, 225125.0)	(120, 254896.0)	(125, 292213.0)	(130, 326875.0)	(135, 362088.0)	(140, 232538.0)	(145, 21220.0)	(150, 199257.0)
BF5-S5_R1_001_trimmed_2P	(50, 28572.0)	(55, 28172.0)	(60, 29475.0)	(65, 30851.0)	(70, 29328.0)	(75, 31235.0)	(80, 32521.0)	(85, 33990.0)	(90, 34524.0)	(95, 35616.0)	(100, 36155.0)	(105, 37604.0)	(110, 39205.0)	(115, 42960.0)	(120, 44932.0)	(125, 50253.0)	(130, 52421.0)	(135, 54138.0)	(140, 58322.0)	(145, 683255.0)	(150, 15733323.0)
BF5-S5_R1_001_trimmed_2U	(50, 6016.0)	(55, 5557.0)	(60, 5253.0)	(65, 5007.0)	(70, 4600.0)	(75, 4372.0)	(80, 4282.0)	(85, 4128.0)	(90, 3837.0)	(95, 3673.0)	(100, 3628.0)	(105, 3526.0)	(110, 3488.0)	(115, 3380.0)	(120, 3443.0)	(125, 3484.0)	(130, 3331.0)	(135, 3129.0)	(140, 3295.0)	(145, 13918.0)	(150, 91825.0)
BF5-WYS_R1_001_trimmed_1P	(50, 21129.0)	(55, 20987.0)	(60, 21118.0)	(65, 20568.0)	(70, 20568.0)	(75, 20580.0)	(80, 20414.0)	(85, 20796.0)	(90, 20572.0)	(95, 21072.0)	(100, 22170.0)	(105, 22188.0)	(110, 23065.0)	(115, 24226.0)	(120, 24041.0)	(125, 26853.0)	(130, 27771.0)	(135, 27493.0)	(140, 29813.0)	(145, 378884.0)	(150, 19216459.0)
BF5-WYS_R1_001_trimmed_1U	(50, 22540.0)	(55, 23720.0)	(60, 26657.0)	(65, 30092.0)	(70, 37434.0)	(75, 46579.0)	(80, 58636.0)	(85, 73970.0)	(90, 93742.0)	(95, 119615.0)	(100, 145544.0)	(105, 175416.0)	(110, 205760.0)	(115, 243756.0)	(120, 279210.0)	(125, 320785.0)	(130, 360806.0)	(135, 401375.0)	(140, 260893.0)	(145, 38718.0)	(150, 399261.0)
BF5-WYS_R1_001_trimmed_2P	(50, 49034.0)	(55, 48446.0)	(60, 50014.0)	(65, 51378.0)	(70, 49182.0)	(75, 51734.0)	(80, 53516.0)	(85, 56251.0)	(90, 56353.0)	(95, 58167.0)	(100, 58993.0)	(105, 61014.0)	(110, 63045.0)	(115, 69013.0)	(120, 71410.0)	(125, 80217.0)	(130, 83110.0)	(135, 85109.0)	(140, 90666.0)	(145, 931723.0)	(150, 17912392.0)
BF5-WYS_R1_001_trimmed_2U	(50, 6938.0)	(55, 6294.0)	(60, 6084.0)	(65, 5582.0)	(70, 5221.0)	(75, 5035.0)	(80, 4778.0)	(85, 4551.0)	(90, 4421.0)	(95, 4170.0)	(100, 3862.0)	(105, 3885.0)	(110, 3566.0)	(115, 3735.0)	(120, 3585.0)	(125, 3670.0)	(130, 3508.0)	(135, 3409.0)	(140, 3217.0)	(145, 13490.0)	(150, 91258.0)
BF5-gam_R1_001_trimmed_1P	(50, 22189.0)	(55, 21984.0)	(60, 22025.0)	(65, 20962.0)	(70, 21029.0)	(75, 21086.0)	(80, 21542.0)	(85, 21454.0)	(90, 21686.0)	(95, 21992.0)	(100, 23488.0)	(105, 23553.0)	(110, 23966.0)	(115, 25753.0)	(120, 25219.0)	(125, 28386.0)	(130, 29392.0)	(135, 28996.0)	(140, 31716.0)	(145, 389201.0)	(150, 20323024.0)
BF5-gam_R1_001_trimmed_1U	(50, 26830.0)	(55, 29158.0)	(60, 35342.0)	(65, 43180.0)	(70, 54519.0)	(75, 70048.0)	(80, 90280.0)	(85, 115773.0)	(90, 148241.0)	(95, 187355.0)	(100, 227660.0)	(105, 269243.0)	(110, 311755.0)	(115, 369137.0)	(120, 420488.0)	(125, 479390.0)	(130, 531632.0)	(135, 585573.0)	(140, 371331.0)	(145, 29927.0)	(150, 291054.0)
BF5-gam_R1_001_trimmed_2P	(50, 40321.0)	(55, 39596.0)	(60, 40747.0)	(65, 42305.0)	(70, 39811.0)	(75, 42246.0)	(80, 44897.0)	(85, 46758.0)	(90, 46617.0)	(95, 48647.0)	(100, 49406.0)	(105, 50876.0)	(110, 52746.0)	(115, 57723.0)	(120, 60689.0)	(125, 67639.0)	(130, 70604.0)	(135, 72804.0)	(140, 77894.0)	(145, 882905.0)	(150, 19293412.0)
BF5-gam_R1_001_trimmed_2U	(50, 7276.0)	(55, 6822.0)	(60, 6536.0)	(65, 5877.0)	(70, 5677.0)	(75, 5367.0)	(80, 5260.0)	(85, 4978.0)	(90, 4634.0)	(95, 4548.0)	(100, 4344.0)	(105, 4258.0)	(110, 3999.0)	(115, 4105.0)	(120, 4002.0)	(125, 4168.0)	(130, 3940.0)	(135, 3787.0)	(140, 3797.0)	(145, 15736.0)	(150, 102191.0)
Cross-S5-1_R1_001_trimmed_1P	(50, 22303.0)	(55, 22185.0)	(60, 21977.0)	(65, 21472.0)	(70, 22231.0)	(75, 21949.0)	(80, 22012.0)	(85, 22443.0)	(90, 22551.0)	(95, 22913.0)	(100, 24611.0)	(105, 24623.0)	(110, 25992.0)	(115, 27657.0)	(120, 27372.0)	(125, 30662.0)	(130, 31765.0)	(135, 31972.0)	(140, 33858.0)	(145, 415318.0)	(150, 21027885.0)
Cross-S5-1_R1_001_trimmed_1U	(50, 28718.0)	(55, 31121.0)	(60, 35934.0)	(65, 42828.0)	(70, 52050.0)	(75, 63535.0)	(80, 78870.0)	(85, 95926.0)	(90, 117581.0)	(95, 143348.0)	(100, 171665.0)	(105, 200541.0)	(110, 230499.0)	(115, 272660.0)	(120, 309896.0)	(125, 354686.0)	(130, 398297.0)	(135, 444353.0)	(140, 290410.0)	(145, 40868.0)	(150, 419194.0)
Cross-S5-1_R1_001_trimmed_2P	(50, 52855.0)	(55, 52418.0)	(60, 54237.0)	(65, 55998.0)	(70, 53336.0)	(75, 57015.0)	(80, 59069.0)	(85, 61824.0)	(90, 62148.0)	(95, 64428.0)	(100, 65377.0)	(105, 67650.0)	(110, 69733.0)	(115, 76236.0)	(120, 80287.0)	(125, 89560.0)	(130, 92472.0)	(135, 94633.0)	(140, 101107.0)	(145, 1053073.0)	(150, 19560295.0)
Cross-S5-1_R1_001_trimmed_2U	(50, 7522.0)	(55, 6859.0)	(60, 6546.0)	(65, 6046.0)	(70, 5547.0)	(75, 5388.0)	(80, 5081.0)	(85, 4894.0)	(90, 4390.0)	(95, 4343.0)	(100, 4160.0)	(105, 4123.0)	(110, 3787.0)	(115, 3803.0)	(120, 3865.0)	(125, 3864.0)	(130, 3828.0)	(135, 3588.0)	(140, 3570.0)	(145, 14294.0)	(150, 93588.0)
Cross-S5-2_R1_001_trimmed_1P	(50, 22819.0)	(55, 22807.0)	(60, 22499.0)	(65, 22049.0)	(70, 22749.0)	(75, 22833.0)	(80, 22656.0)	(85, 22968.0)	(90, 22762.0)	(95, 23151.0)	(100, 24605.0)	(105, 25157.0)	(110, 25970.0)	(115, 27128.0)	(120, 27031.0)	(125, 30171.0)	(130, 30896.0)	(135, 31174.0)	(140, 34018.0)	(145, 433669.0)	(150, 22187851.0)
Cross-S5-2_R1_001_trimmed_1U	(50, 26774.0)	(55, 28868.0)	(60, 32930.0)	(65, 38444.0)	(70, 47232.0)	(75, 57431.0)	(80, 71653.0)	(85, 88682.0)	(90, 109605.0)	(95, 135261.0)	(100, 162533.0)	(105, 192889.0)	(110, 225245.0)	(115, 265815.0)	(120, 305455.0)	(125, 353661.0)	(130, 398498.0)	(135, 446571.0)	(140, 290607.0)	(145, 44164.0)	(150, 456378.0)
Cross-S5-2_R1_001_trimmed_2P	(50, 54200.0)	(55, 53213.0)	(60, 55611.0)	(65, 56994.0)	(70, 55065.0)	(75, 58552.0)	(80, 60589.0)	(85, 62832.0)	(90, 63012.0)	(95, 65026.0)	(100, 65767.0)	(105, 68412.0)	(110, 70588.0)	(115, 76874.0)	(120, 80392.0)	(125, 89708.0)	(130, 93084.0)	(135, 95280.0)	(140, 101233.0)	(145, 1055844.0)	(150, 20722687.0)
Cross-S5-2_R1_001_trimmed_2U	(50, 7229.0)	(55, 6626.0)	(60, 6299.0)	(65, 5769.0)	(70, 5409.0)	(75, 5301.0)	(80, 5018.0)	(85, 4801.0)	(90, 4468.0)	(95, 4383.0)	(100, 4194.0)	(105, 4110.0)	(110, 3763.0)	(115, 3805.0)	(120, 3725.0)	(125, 3988.0)	(130, 3833.0)	(135, 3688.0)	(140, 3740.0)	(145, 15013.0)	(150, 98913.0)
Cross-S5-3_R1_001_trimmed_1P	(50, 20061.0)	(55, 20067.0)	(60, 19884.0)	(65, 18958.0)	(70, 19504.0)	(75, 19167.0)	(80, 19185.0)	(85, 19394.0)	(90, 19583.0)	(95, 20004.0)	(100, 21401.0)	(105, 21926.0)	(110, 22099.0)	(115, 23701.0)	(120, 23647.0)	(125, 26435.0)	(130, 27330.0)	(135, 26609.0)	(140, 28745.0)	(145, 348587.0)	(150, 18273819.0)
Cross-S5-3_R1_001_trimmed_1U	(50, 24245.0)	(55, 26270.0)	(60, 30584.0)	(65, 36074.0)	(70, 44728.0)	(75, 56044.0)	(80, 70719.0)	(85, 86538.0)	(90, 108296.0)	(95, 136117.0)	(100, 162555.0)	(105, 188599.0)	(110, 217602.0)	(115, 258791.0)	(120, 292531.0)	(125, 336622.0)	(130, 380440.0)	(135, 420042.0)	(140, 273955.0)	(145, 29326.0)	(150, 291083.0)
Cross-S5-3_R1_001_trimmed_2P	(50, 39583.0)	(55, 38653.0)	(60, 40080.0)	(65, 41545.0)	(70, 39996.0)	(75, 42146.0)	(80, 43975.0)	(85, 46037.0)	(90, 46065.0)	(95, 47819.0)	(100, 48878.0)	(105, 50735.0)	(110, 52268.0)	(115, 57391.0)	(120, 59588.0)	(125, 66625.0)	(130, 69595.0)	(135, 71821.0)	(140, 76916.0)	(145, 838864.0)	(150, 17221526.0)
Cross-S5-3_R1_001_trimmed_2U	(50, 6703.0)	(55, 6132.0)	(60, 5813.0)	(65, 5451.0)	(70, 4939.0)	(75, 4810.0)	(80, 4633.0)	(85, 4386.0)	(90, 4169.0)	(95, 4003.0)	(100, 3901.0)	(105, 3928.0)	(110, 3508.0)	(115, 3742.0)	(120, 3561.0)	(125, 3706.0)	(130, 3502.0)	(135, 3391.0)	(140, 3358.0)	(145, 13775.0)	(150, 90820.0)
Cross-WYS-1_R1_001_trimmed_1P	(50, 21777.0)	(55, 21866.0)	(60, 21190.0)	(65, 20486.0)	(70, 20999.0)	(75, 21126.0)	(80, 21158.0)	(85, 21285.0)	(90, 21137.0)	(95, 21570.0)	(100, 23006.0)	(105, 23108.0)	(110, 23563.0)	(115, 24839.0)	(120, 25095.0)	(125, 27398.0)	(130, 28381.0)	(135, 28262.0)	(140, 30721.0)	(145, 376377.0)	(150, 19187782.0)
Cross-WYS-1_R1_001_trimmed_1U	(50, 25058.0)	(55, 27569.0)	(60, 32788.0)	(65, 39218.0)	(70, 49301.0)	(75, 61542.0)	(80, 78040.0)	(85, 96496.0)	(90, 119744.0)	(95, 147723.0)	(100, 178492.0)	(105, 208179.0)	(110, 241112.0)	(115, 281911.0)	(120, 321483.0)	(125, 366116.0)	(130, 408966.0)	(135, 450858.0)	(140, 291201.0)	(145, 31141.0)	(150, 302295.0)
Cross-WYS-1_R1_001_trimmed_2P	(50, 41700.0)	(55, 40929.0)	(60, 42512.0)	(65, 43477.0)	(70, 41844.0)	(75, 44011.0)	(80, 45899.0)	(85, 48490.0)	(90, 48327.0)	(95, 50185.0)	(100, 51212.0)	(105, 53009.0)	(110, 54807.0)	(115, 60228.0)	(120, 63434.0)	(125, 70599.0)	(130, 73590.0)	(135, 75361.0)	(140, 80916.0)	(145, 882662.0)	(150, 18097934.0)
Cross-WYS-1_R1_001_trimmed_2U	(50, 7047.0)	(55, 6518.0)	(60, 6141.0)	(65, 5692.0)	(70, 5278.0)	(75, 5108.0)	(80, 4923.0)	(85, 4602.0)	(90, 4503.0)	(95, 4255.0)	(100, 4016.0)	(105, 4016.0)	(110, 3732.0)	(115, 3840.0)	(120, 3794.0)	(125, 3994.0)	(130, 3658.0)	(135, 3661.0)	(140, 3580.0)	(145, 14780.0)	(150, 97396.0)
Cross-WYS-2_R1_001_trimmed_1P	(50, 22249.0)	(55, 21975.0)	(60, 21806.0)	(65, 21471.0)	(70, 21607.0)	(75, 21959.0)	(80, 21892.0)	(85, 21839.0)	(90, 22142.0)	(95, 22172.0)	(100, 23462.0)	(105, 23570.0)	(110, 24513.0)	(115, 25601.0)	(120, 26067.0)	(125, 28397.0)	(130, 28962.0)	(135, 28839.0)	(140, 31689.0)	(145, 392507.0)	(150, 19057424.0)
Cross-WYS-2_R1_001_trimmed_1U	(50, 20691.0)	(55, 21805.0)	(60, 24912.0)	(65, 28956.0)	(70, 35739.0)	(75, 43684.0)	(80, 55476.0)	(85, 69051.0)	(90, 86321.0)	(95, 106513.0)	(100, 128185.0)	(105, 150520.0)	(110, 175157.0)	(115, 207437.0)	(120, 236947.0)	(125, 271500.0)	(130, 305467.0)	(135, 342339.0)	(140, 222436.0)	(145, 29448.0)	(150, 283517.0)
Cross-WYS-2_R1_001_trimmed_2P	(50, 39561.0)	(55, 39436.0)	(60, 40995.0)	(65, 41922.0)	(70, 40583.0)	(75, 42791.0)	(80, 44357.0)	(85, 46555.0)	(90, 46230.0)	(95, 47909.0)	(100, 49033.0)	(105, 51103.0)	(110, 52380.0)	(115, 57157.0)	(120, 59969.0)	(125, 67607.0)	(130, 69541.0)	(135, 70826.0)	(140, 75872.0)	(145, 848161.0)	(150, 18078155.0)
Cross-WYS-2_R1_001_trimmed_2U	(50, 7071.0)	(55, 6415.0)	(60, 6115.0)	(65, 5663.0)	(70, 5299.0)	(75, 5007.0)	(80, 4862.0)	(85, 4724.0)	(90, 4557.0)	(95, 4226.0)	(100, 4148.0)	(105, 4104.0)	(110, 3859.0)	(115, 3896.0)	(120, 3890.0)	(125, 3952.0)	(130, 3823.0)	(135, 3738.0)	(140, 3589.0)	(145, 15534.0)	(150, 105091.0)
Cross-WYS-3_R1_001_trimmed_1P	(50, 22462.0)	(55, 22246.0)	(60, 22210.0)	(65, 21263.0)	(70, 21754.0)	(75, 21562.0)	(80, 21597.0)	(85, 22148.0)	(90, 22325.0)	(95, 22396.0)	(100, 24012.0)	(105, 23994.0)	(110, 24767.0)	(115, 26182.0)	(120, 25858.0)	(125, 28762.0)	(130, 29818.0)	(135, 29433.0)	(140, 32192.0)	(145, 398888.0)	(150, 20310146.0)
Cross-WYS-3_R1_001_trimmed_1U	(50, 25187.0)	(55, 27134.0)	(60, 31204.0)	(65, 36607.0)	(70, 45685.0)	(75, 56354.0)	(80, 71670.0)	(85, 90191.0)	(90, 111475.0)	(95, 138145.0)	(100, 167793.0)	(105, 196751.0)	(110, 230061.0)	(115, 271863.0)	(120, 309040.0)	(125, 353816.0)	(130, 397408.0)	(135, 440689.0)	(140, 285514.0)	(145, 32008.0)	(150, 310252.0)
Cross-WYS-3_R1_001_trimmed_2P	(50, 42564.0)	(55, 42214.0)	(60, 43905.0)	(65, 44969.0)	(70, 43171.0)	(75, 45873.0)	(80, 47391.0)	(85, 49829.0)	(90, 50085.0)	(95, 51801.0)	(100, 53158.0)	(105, 54970.0)	(110, 56915.0)	(115, 61729.0)	(120, 64947.0)	(125, 73182.0)	(130, 75770.0)	(135, 77928.0)	(140, 84355.0)	(145, 918720.0)	(150, 19190539.0)
Cross-WYS-3_R1_001_trimmed_2U	(50, 7128.0)	(55, 6547.0)	(60, 6290.0)	(65, 5892.0)	(70, 5487.0)	(75, 5223.0)	(80, 5023.0)	(85, 4855.0)	(90, 4669.0)	(95, 4440.0)	(100, 4195.0)	(105, 4157.0)	(110, 3924.0)	(115, 3948.0)	(120, 3967.0)	(125, 3948.0)	(130, 3964.0)	(135, 3588.0)	(140, 3767.0)	(145, 15523.0)	(150, 102956.0)
Cross-gam-1_R1_001_trimmed_1P	(50, 20342.0)	(55, 20193.0)	(60, 19833.0)	(65, 19486.0)	(70, 20077.0)	(75, 19517.0)	(80, 19456.0)	(85, 19835.0)	(90, 20110.0)	(95, 20202.0)	(100, 21637.0)	(105, 21830.0)	(110, 22273.0)	(115, 23713.0)	(120, 23403.0)	(125, 25880.0)	(130, 26622.0)	(135, 26451.0)	(140, 28737.0)	(145, 359664.0)	(150, 17709356.0)
Cross-gam-1_R1_001_trimmed_1U	(50, 21265.0)	(55, 22422.0)	(60, 25286.0)	(65, 28755.0)	(70, 35959.0)	(75, 43745.0)	(80, 55038.0)	(85, 71163.0)	(90, 90124.0)	(95, 114853.0)	(100, 142701.0)	(105, 169745.0)	(110, 200997.0)	(115, 237607.0)	(120, 275235.0)	(125, 315637.0)	(130, 356094.0)	(135, 392092.0)	(140, 255071.0)	(145, 33434.0)	(150, 335847.0)
Cross-gam-1_R1_001_trimmed_2P	(50, 44013.0)	(55, 43764.0)	(60, 44897.0)	(65, 45157.0)	(70, 43856.0)	(75, 46538.0)	(80, 48232.0)	(85, 49896.0)	(90, 50422.0)	(95, 52187.0)	(100, 53289.0)	(105, 54880.0)	(110, 55988.0)	(115, 61418.0)	(120, 64545.0)	(125, 71993.0)	(130, 73991.0)	(135, 75653.0)	(140, 81724.0)	(145, 843482.0)	(150, 16582692.0)
Cross-gam-1_R1_001_trimmed_2U	(50, 6595.0)	(55, 5902.0)	(60, 5745.0)	(65, 5365.0)	(70, 4901.0)	(75, 4761.0)	(80, 4611.0)	(85, 4372.0)	(90, 4173.0)	(95, 3951.0)	(100, 3789.0)	(105, 3656.0)	(110, 3478.0)	(115, 3566.0)	(120, 3331.0)	(125, 3513.0)	(130, 3557.0)	(135, 3190.0)	(140, 3189.0)	(145, 13301.0)	(150, 89273.0)
Cross-gam-2_R1_001_trimmed_1P	(50, 20650.0)	(55, 20162.0)	(60, 19928.0)	(65, 19669.0)	(70, 19839.0)	(75, 19736.0)	(80, 19431.0)	(85, 19682.0)	(90, 20126.0)	(95, 20266.0)	(100, 21490.0)	(105, 21606.0)	(110, 22409.0)	(115, 23586.0)	(120, 23492.0)	(125, 26428.0)	(130, 26657.0)	(135, 26977.0)	(140, 29366.0)	(145, 358938.0)	(150, 18047282.0)
Cross-gam-2_R1_001_trimmed_1U	(50, 22368.0)	(55, 24237.0)	(60, 28155.0)	(65, 33000.0)	(70, 40922.0)	(75, 51212.0)	(80, 65313.0)	(85, 81943.0)	(90, 101950.0)	(95, 127326.0)	(100, 153648.0)	(105, 184690.0)	(110, 216752.0)	(115, 255132.0)	(120, 291542.0)	(125, 335164.0)	(130, 373446.0)	(135, 412291.0)	(140, 265009.0)	(145, 29583.0)	(150, 291662.0)
Cross-gam-2_R1_001_trimmed_2P	(50, 39127.0)	(55, 38803.0)	(60, 39876.0)	(65, 40911.0)	(70, 39259.0)	(75, 41883.0)	(80, 43108.0)	(85, 45371.0)	(90, 45727.0)	(95, 46826.0)	(100, 47613.0)	(105, 49785.0)	(110, 50908.0)	(115, 56186.0)	(120, 58085.0)	(125, 65270.0)	(130, 66767.0)	(135, 69349.0)	(140, 74191.0)	(145, 805144.0)	(150, 17063531.0)
Cross-gam-2_R1_001_trimmed_2U	(50, 6531.0)	(55, 6104.0)	(60, 5712.0)	(65, 5294.0)	(70, 4992.0)	(75, 4758.0)	(80, 4605.0)	(85, 4412.0)	(90, 4123.0)	(95, 3974.0)	(100, 3797.0)	(105, 3872.0)	(110, 3489.0)	(115, 3638.0)	(120, 3674.0)	(125, 3725.0)	(130, 3486.0)	(135, 3417.0)	(140, 3402.0)	(145, 14199.0)	(150, 94136.0)
Cross-gam-3_R1_001_trimmed_1P	(50, 17397.0)	(55, 17462.0)	(60, 17040.0)	(65, 16778.0)	(70, 16936.0)	(75, 16809.0)	(80, 16956.0)	(85, 17008.0)	(90, 16878.0)	(95, 17303.0)	(100, 18057.0)	(105, 18852.0)	(110, 19107.0)	(115, 20215.0)	(120, 20054.0)	(125, 22364.0)	(130, 22977.0)	(135, 22903.0)	(140, 24916.0)	(145, 320873.0)	(150, 16300276.0)
Cross-gam-3_R1_001_trimmed_1U	(50, 19059.0)	(55, 19992.0)	(60, 22052.0)	(65, 24773.0)	(70, 30049.0)	(75, 36296.0)	(80, 44965.0)	(85, 54620.0)	(90, 66906.0)	(95, 81203.0)	(100, 97721.0)	(105, 115241.0)	(110, 135084.0)	(115, 157143.0)	(120, 179277.0)	(125, 207023.0)	(130, 232448.0)	(135, 262132.0)	(140, 173554.0)	(145, 34124.0)	(150, 354258.0)
Cross-gam-3_R1_001_trimmed_2P	(50, 43640.0)	(55, 43274.0)	(60, 44453.0)	(65, 45798.0)	(70, 43621.0)	(75, 46028.0)	(80, 47148.0)	(85, 49033.0)	(90, 49079.0)	(95, 50798.0)	(100, 51969.0)	(105, 53795.0)	(110, 54880.0)	(115, 59839.0)	(120, 62549.0)	(125, 69485.0)	(130, 71669.0)	(135, 73221.0)	(140, 78536.0)	(145, 798223.0)	(150, 15144123.0)
Cross-gam-3_R1_001_trimmed_2U	(50, 5916.0)	(55, 5511.0)	(60, 5190.0)	(65, 4868.0)	(70, 4473.0)	(75, 4190.0)	(80, 3993.0)	(85, 3781.0)	(90, 3601.0)	(95, 3528.0)	(100, 3470.0)	(105, 3276.0)	(110, 3115.0)	(115, 3203.0)	(120, 3026.0)	(125, 3161.0)	(130, 2904.0)	(135, 2794.0)	(140, 2804.0)	(145, 11525.0)	(150, 74673.0)
RESUB-WT-WYS-4_R1_001_trimmed_1P	(50, 21331.0)	(55, 21302.0)	(60, 21147.0)	(65, 20586.0)	(70, 21145.0)	(75, 20799.0)	(80, 21021.0)	(85, 21232.0)	(90, 21261.0)	(95, 21691.0)	(100, 23157.0)	(105, 23076.0)	(110, 24109.0)	(115, 25110.0)	(120, 24864.0)	(125, 27376.0)	(130, 28298.0)	(135, 27665.0)	(140, 30083.0)	(145, 391241.0)	(150, 19933462.0)
RESUB-WT-WYS-4_R1_001_trimmed_1U	(50, 23122.0)	(55, 24879.0)	(60, 28821.0)	(65, 33638.0)	(70, 41710.0)	(75, 51504.0)	(80, 64990.0)	(85, 80304.0)	(90, 99331.0)	(95, 121371.0)	(100, 145749.0)	(105, 173311.0)	(110, 200251.0)	(115, 235462.0)	(120, 270158.0)	(125, 310744.0)	(130, 347885.0)	(135, 389983.0)	(140, 254631.0)	(145, 32058.0)	(150, 318021.0)
RESUB-WT-WYS-4_R1_001_trimmed_2P	(50, 43468.0)	(55, 43231.0)	(60, 44840.0)	(65, 46035.0)	(70, 44342.0)	(75, 45982.0)	(80, 48300.0)	(85, 50111.0)	(90, 50747.0)	(95, 53190.0)	(100, 53325.0)	(105, 55406.0)	(110, 56724.0)	(115, 62768.0)	(120, 65505.0)	(125, 73232.0)	(130, 75695.0)	(135, 77931.0)	(140, 83281.0)	(145, 909391.0)	(150, 18786452.0)
RESUB-WT-WYS-4_R1_001_trimmed_2U	(50, 6872.0)	(55, 6399.0)	(60, 6165.0)	(65, 5527.0)	(70, 5128.0)	(75, 5019.0)	(80, 4861.0)	(85, 4501.0)	(90, 4325.0)	(95, 4201.0)	(100, 4098.0)	(105, 4081.0)	(110, 3859.0)	(115, 3847.0)	(120, 3607.0)	(125, 3875.0)	(130, 3734.0)	(135, 3530.0)	(140, 3498.0)	(145, 14395.0)	(150, 95145.0)
RNAi-S5-1_R1_001_trimmed_1P	(50, 16538.0)	(55, 16358.0)	(60, 15901.0)	(65, 15814.0)	(70, 15765.0)	(75, 15761.0)	(80, 15811.0)	(85, 16255.0)	(90, 16382.0)	(95, 16037.0)	(100, 17120.0)	(105, 17077.0)	(110, 17435.0)	(115, 18661.0)	(120, 18915.0)	(125, 20614.0)	(130, 21244.0)	(135, 21379.0)	(140, 23354.0)	(145, 298578.0)	(150, 16315857.0)
RNAi-S5-1_R1_001_trimmed_1U	(50, 24041.0)	(55, 26093.0)	(60, 30633.0)	(65, 36183.0)	(70, 44979.0)	(75, 54964.0)	(80, 67737.0)	(85, 84600.0)	(90, 101550.0)	(95, 121782.0)	(100, 143685.0)	(105, 170081.0)	(110, 196258.0)	(115, 228182.0)	(120, 257463.0)	(125, 296539.0)	(130, 326594.0)	(135, 367134.0)	(140, 237809.0)	(145, 34462.0)	(150, 358860.0)
RNAi-S5-1_R1_001_trimmed_2P	(50, 43271.0)	(55, 42548.0)	(60, 44119.0)	(65, 45203.0)	(70, 43233.0)	(75, 45987.0)	(80, 46833.0)	(85, 49283.0)	(90, 49205.0)	(95, 50008.0)	(100, 51546.0)	(105, 52814.0)	(110, 54718.0)	(115, 60550.0)	(120, 62549.0)	(125, 69940.0)	(130, 73090.0)	(135, 74574.0)	(140, 79547.0)	(145, 820049.0)	(150, 15091789.0)
RNAi-S5-1_R1_001_trimmed_2U	(50, 5899.0)	(55, 5386.0)	(60, 5066.0)	(65, 4580.0)	(70, 4340.0)	(75, 4078.0)	(80, 3856.0)	(85, 3618.0)	(90, 3527.0)	(95, 3355.0)	(100, 3195.0)	(105, 3126.0)	(110, 2988.0)	(115, 2923.0)	(120, 2823.0)	(125, 2938.0)	(130, 2809.0)	(135, 2601.0)	(140, 2708.0)	(145, 10664.0)	(150, 69449.0)
RNAi-S5-2_R1_001_trimmed_1P	(50, 23431.0)	(55, 22935.0)	(60, 22989.0)	(65, 22444.0)	(70, 22664.0)	(75, 22272.0)	(80, 22712.0)	(85, 24418.0)	(90, 23851.0)	(95, 22865.0)	(100, 25006.0)	(105, 24820.0)	(110, 25346.0)	(115, 27040.0)	(120, 26197.0)	(125, 29128.0)	(130, 29597.0)	(135, 28951.0)	(140, 31171.0)	(145, 403271.0)	(150, 20777203.0)
RNAi-S5-2_R1_001_trimmed_1U	(50, 25591.0)	(55, 27400.0)	(60, 31847.0)	(65, 37137.0)	(70, 46867.0)	(75, 57341.0)	(80, 73255.0)	(85, 93280.0)	(90, 117437.0)	(95, 147090.0)	(100, 177765.0)	(105, 210009.0)	(110, 248557.0)	(115, 294943.0)	(120, 334475.0)	(125, 383952.0)	(130, 432993.0)	(135, 484258.0)	(140, 311610.0)	(145, 33441.0)	(150, 330272.0)
RNAi-S5-2_R1_001_trimmed_2P	(50, 46427.0)	(55, 45351.0)	(60, 47894.0)	(65, 50304.0)	(70, 46530.0)	(75, 48586.0)	(80, 50396.0)	(85, 52968.0)	(90, 52958.0)	(95, 56631.0)	(100, 56027.0)	(105, 57316.0)	(110, 58919.0)	(115, 64913.0)	(120, 66631.0)	(125, 75267.0)	(130, 77586.0)	(135, 80021.0)	(140, 85415.0)	(145, 949800.0)	(150, 19588371.0)
RNAi-S5-2_R1_001_trimmed_2U	(50, 7534.0)	(55, 6983.0)	(60, 6567.0)	(65, 6164.0)	(70, 5613.0)	(75, 5414.0)	(80, 5142.0)	(85, 4901.0)	(90, 4581.0)	(95, 4572.0)	(100, 4325.0)	(105, 4345.0)	(110, 3998.0)	(115, 4011.0)	(120, 4073.0)	(125, 4127.0)	(130, 3944.0)	(135, 3954.0)	(140, 3744.0)	(145, 15470.0)	(150, 104458.0)
RNAi-S5-3_R1_001_trimmed_1P	(50, 21588.0)	(55, 21447.0)	(60, 21389.0)	(65, 20975.0)	(70, 21020.0)	(75, 20614.0)	(80, 21140.0)	(85, 22108.0)	(90, 21525.0)	(95, 21501.0)	(100, 22710.0)	(105, 23199.0)	(110, 23883.0)	(115, 25176.0)	(120, 24991.0)	(125, 27552.0)	(130, 28318.0)	(135, 27847.0)	(140, 30126.0)	(145, 377118.0)	(150, 18869543.0)
RNAi-S5-3_R1_001_trimmed_1U	(50, 20918.0)	(55, 22394.0)	(60, 26735.0)	(65, 31109.0)	(70, 39687.0)	(75, 48164.0)	(80, 61177.0)	(85, 76371.0)	(90, 96755.0)	(95, 119996.0)	(100, 144669.0)	(105, 168118.0)	(110, 195882.0)	(115, 232585.0)	(120, 263561.0)	(125, 303660.0)	(130, 343216.0)	(135, 388215.0)	(140, 251711.0)	(145, 23345.0)	(150, 220354.0)
RNAi-S5-3_R1_001_trimmed_2P	(50, 34408.0)	(55, 33741.0)	(60, 35741.0)	(65, 37888.0)	(70, 33625.0)	(75, 35778.0)	(80, 37447.0)	(85, 40565.0)	(90, 39920.0)	(95, 44329.0)	(100, 41393.0)	(105, 42411.0)	(110, 43861.0)	(115, 47896.0)	(120, 49745.0)	(125, 55609.0)	(130, 57973.0)	(135, 59948.0)	(140, 64214.0)	(145, 768196.0)	(150, 18089082.0)
RNAi-S5-3_R1_001_trimmed_2U	(50, 6584.0)	(55, 6172.0)	(60, 5852.0)	(65, 5525.0)	(70, 5054.0)	(75, 4852.0)	(80, 4710.0)	(85, 4431.0)	(90, 4296.0)	(95, 4060.0)	(100, 3863.0)	(105, 3864.0)	(110, 3791.0)	(115, 3788.0)	(120, 3605.0)	(125, 3823.0)	(130, 3776.0)	(135, 3540.0)	(140, 3682.0)	(145, 15379.0)	(150, 107144.0)
RNAi-WYS-1_R1_001_trimmed_1P	(50, 20458.0)	(55, 20448.0)	(60, 20465.0)	(65, 19910.0)	(70, 20339.0)	(75, 19869.0)	(80, 20044.0)	(85, 20298.0)	(90, 20511.0)	(95, 20989.0)	(100, 22416.0)	(105, 22617.0)	(110, 23161.0)	(115, 24793.0)	(120, 24664.0)	(125, 27767.0)	(130, 28684.0)	(135, 28662.0)	(140, 30371.0)	(145, 374760.0)	(150, 18766989.0)
RNAi-WYS-1_R1_001_trimmed_1U	(50, 22832.0)	(55, 24240.0)	(60, 27686.0)	(65, 32408.0)	(70, 38726.0)	(75, 47602.0)	(80, 58998.0)	(85, 72331.0)	(90, 89483.0)	(95, 109415.0)	(100, 130841.0)	(105, 151774.0)	(110, 174370.0)	(115, 205796.0)	(120, 234277.0)	(125, 268172.0)	(130, 303038.0)	(135, 340007.0)	(140, 222025.0)	(145, 31822.0)	(150, 317410.0)
RNAi-WYS-1_R1_001_trimmed_2P	(50, 42642.0)	(55, 41736.0)	(60, 43412.0)	(65, 44793.0)	(70, 42503.0)	(75, 45320.0)	(80, 47153.0)	(85, 49404.0)	(90, 49595.0)	(95, 51303.0)	(100, 52499.0)	(105, 53779.0)	(110, 55499.0)	(115, 60827.0)	(120, 64001.0)	(125, 70888.0)	(130, 73370.0)	(135, 75688.0)	(140, 80588.0)	(145, 871378.0)	(150, 17661837.0)
RNAi-WYS-1_R1_001_trimmed_2U	(50, 6990.0)	(55, 6360.0)	(60, 5967.0)	(65, 5667.0)	(70, 5259.0)	(75, 4975.0)	(80, 4765.0)	(85, 4598.0)	(90, 4180.0)	(95, 4180.0)	(100, 3812.0)	(105, 3875.0)	(110, 3534.0)	(115, 3800.0)	(120, 3524.0)	(125, 3705.0)	(130, 3546.0)	(135, 3340.0)	(140, 3338.0)	(145, 13912.0)	(150, 93236.0)
RNAi-WYS-2_R1_001_trimmed_1P	(50, 20741.0)	(55, 20408.0)	(60, 20901.0)	(65, 20045.0)	(70, 20374.0)	(75, 20195.0)	(80, 20323.0)	(85, 20937.0)	(90, 21180.0)	(95, 21221.0)	(100, 22921.0)	(105, 23232.0)	(110, 23279.0)	(115, 24609.0)	(120, 24506.0)	(125, 27490.0)	(130, 28722.0)	(135, 27861.0)	(140, 30505.0)	(145, 388114.0)	(150, 19284219.0)
RNAi-WYS-2_R1_001_trimmed_1U	(50, 23453.0)	(55, 25120.0)	(60, 27985.0)	(65, 31929.0)	(70, 38779.0)	(75, 46898.0)	(80, 58554.0)	(85, 71920.0)	(90, 91168.0)	(95, 114056.0)	(100, 139060.0)	(105, 162452.0)	(110, 189597.0)	(115, 225857.0)	(120, 258165.0)	(125, 298141.0)	(130, 340396.0)	(135, 378625.0)	(140, 247219.0)	(145, 37088.0)	(150, 365654.0)
RNAi-WYS-2_R1_001_trimmed_2P	(50, 47758.0)	(55, 47173.0)	(60, 48398.0)	(65, 49867.0)	(70, 47537.0)	(75, 51267.0)	(80, 53416.0)	(85, 55874.0)	(90, 55963.0)	(95, 57523.0)	(100, 58947.0)	(105, 60607.0)	(110, 63079.0)	(115, 68085.0)	(120, 71765.0)	(125, 78968.0)	(130, 82208.0)	(135, 83893.0)	(140, 89023.0)	(145, 934519.0)	(150, 18005913.0)
RNAi-WYS-2_R1_001_trimmed_2U	(50, 7127.0)	(55, 6517.0)	(60, 6202.0)	(65, 5673.0)	(70, 5337.0)	(75, 5010.0)	(80, 4893.0)	(85, 4603.0)	(90, 4378.0)	(95, 4380.0)	(100, 4171.0)	(105, 3893.0)	(110, 3713.0)	(115, 3676.0)	(120, 3646.0)	(125, 3769.0)	(130, 3619.0)	(135, 3470.0)	(140, 3397.0)	(145, 13996.0)	(150, 92546.0)
RNAi-WYS-3_R1_001_trimmed_1P	(50, 26731.0)	(55, 27075.0)	(60, 26851.0)	(65, 25883.0)	(70, 26237.0)	(75, 25661.0)	(80, 25948.0)	(85, 26014.0)	(90, 26467.0)	(95, 26561.0)	(100, 28567.0)	(105, 28630.0)	(110, 29577.0)	(115, 31386.0)	(120, 31051.0)	(125, 34356.0)	(130, 35448.0)	(135, 34884.0)	(140, 38065.0)	(145, 458918.0)	(150, 23668379.0)
RNAi-WYS-3_R1_001_trimmed_1U	(50, 31905.0)	(55, 34976.0)	(60, 42082.0)	(65, 51724.0)	(70, 64285.0)	(75, 80199.0)	(80, 99377.0)	(85, 121047.0)	(90, 149628.0)	(95, 185494.0)	(100, 222445.0)	(105, 256664.0)	(110, 299203.0)	(115, 349713.0)	(120, 400420.0)	(125, 457960.0)	(130, 511989.0)	(135, 572428.0)	(140, 368648.0)	(145, 28357.0)	(150, 259782.0)
RNAi-WYS-3_R1_001_trimmed_2P	(50, 38838.0)	(55, 38308.0)	(60, 39887.0)	(65, 41866.0)	(70, 39697.0)	(75, 42659.0)	(80, 44502.0)	(85, 47027.0)	(90, 47203.0)	(95, 49106.0)	(100, 50155.0)	(105, 52237.0)	(110, 54647.0)	(115, 59341.0)	(120, 63098.0)	(125, 70087.0)	(130, 73406.0)	(135, 76852.0)	(140, 81758.0)	(145, 976641.0)	(150, 22695374.0)
RNAi-WYS-3_R1_001_trimmed_2U	(50, 8109.0)	(55, 7576.0)	(60, 7090.0)	(65, 6827.0)	(70, 6324.0)	(75, 6024.0)	(80, 6008.0)	(85, 5530.0)	(90, 5336.0)	(95, 5156.0)	(100, 4979.0)	(105, 4965.0)	(110, 4890.0)	(115, 4749.0)	(120, 4773.0)	(125, 5017.0)	(130, 4708.0)	(135, 4537.0)	(140, 4527.0)	(145, 19396.0)	(150, 130688.0)
RNAi-gam-1_R1_001_trimmed_1P	(50, 19159.0)	(55, 19305.0)	(60, 19190.0)	(65, 18499.0)	(70, 18985.0)	(75, 18712.0)	(80, 18910.0)	(85, 19328.0)	(90, 19335.0)	(95, 19995.0)	(100, 21464.0)	(105, 21565.0)	(110, 21985.0)	(115, 23206.0)	(120, 23084.0)	(125, 25752.0)	(130, 26828.0)	(135, 26618.0)	(140, 28905.0)	(145, 354858.0)	(150, 17397211.0)
RNAi-gam-1_R1_001_trimmed_1U	(50, 21154.0)	(55, 22033.0)	(60, 25704.0)	(65, 29146.0)	(70, 35758.0)	(75, 44300.0)	(80, 55333.0)	(85, 69498.0)	(90, 88827.0)	(95, 111602.0)	(100, 135505.0)	(105, 161314.0)	(110, 189889.0)	(115, 224570.0)	(120, 259564.0)	(125, 298499.0)	(130, 338538.0)	(135, 376634.0)	(140, 244630.0)	(145, 26790.0)	(150, 249543.0)
RNAi-gam-1_R1_001_trimmed_2P	(50, 36761.0)	(55, 36100.0)	(60, 37687.0)	(65, 39213.0)	(70, 37204.0)	(75, 39490.0)	(80, 41557.0)	(85, 43785.0)	(90, 43681.0)	(95, 45480.0)	(100, 46339.0)	(105, 47734.0)	(110, 49978.0)	(115, 54708.0)	(120, 57525.0)	(125, 64001.0)	(130, 66035.0)	(135, 68395.0)	(140, 73481.0)	(145, 808892.0)	(150, 16424848.0)
RNAi-gam-1_R1_001_trimmed_2U	(50, 6365.0)	(55, 5812.0)	(60, 5649.0)	(65, 5224.0)	(70, 4843.0)	(75, 4646.0)	(80, 4438.0)	(85, 4136.0)	(90, 4012.0)	(95, 3893.0)	(100, 3711.0)	(105, 3570.0)	(110, 3497.0)	(115, 3427.0)	(120, 3407.0)	(125, 3496.0)	(130, 3255.0)	(135, 3202.0)	(140, 3145.0)	(145, 13120.0)	(150, 86319.0)
RNAi-gam-2_R1_001_trimmed_1P	(50, 22033.0)	(55, 22229.0)	(60, 22035.0)	(65, 21432.0)	(70, 21648.0)	(75, 21426.0)	(80, 21985.0)	(85, 22207.0)	(90, 22434.0)	(95, 22907.0)	(100, 24273.0)	(105, 24767.0)	(110, 25086.0)	(115, 26776.0)	(120, 26740.0)	(125, 29658.0)	(130, 30920.0)	(135, 30217.0)	(140, 32524.0)	(145, 407700.0)	(150, 19754560.0)
RNAi-gam-2_R1_001_trimmed_1U	(50, 23611.0)	(55, 25270.0)	(60, 29337.0)	(65, 33776.0)	(70, 41401.0)	(75, 50937.0)	(80, 64840.0)	(85, 81199.0)	(90, 104304.0)	(95, 133456.0)	(100, 162893.0)	(105, 188284.0)	(110, 219234.0)	(115, 261829.0)	(120, 298347.0)	(125, 345046.0)	(130, 389562.0)	(135, 430411.0)	(140, 278461.0)	(145, 36199.0)	(150, 361326.0)
RNAi-gam-2_R1_001_trimmed_2P	(50, 46691.0)	(55, 46515.0)	(60, 48216.0)	(65, 49721.0)	(70, 47051.0)	(75, 49921.0)	(80, 52615.0)	(85, 54652.0)	(90, 54624.0)	(95, 56686.0)	(100, 56888.0)	(105, 59295.0)	(110, 60942.0)	(115, 66515.0)	(120, 69518.0)	(125, 77726.0)	(130, 79594.0)	(135, 82087.0)	(140, 86887.0)	(145, 921786.0)	(150, 18565627.0)
RNAi-gam-2_R1_001_trimmed_2U	(50, 6988.0)	(55, 6364.0)	(60, 6049.0)	(65, 5650.0)	(70, 5272.0)	(75, 5024.0)	(80, 4870.0)	(85, 4617.0)	(90, 4324.0)	(95, 4174.0)	(100, 4055.0)	(105, 3877.0)	(110, 3854.0)	(115, 3799.0)	(120, 3681.0)	(125, 3767.0)	(130, 3680.0)	(135, 3530.0)	(140, 3588.0)	(145, 14594.0)	(150, 96332.0)
RNAi-gam-3_R1_001_trimmed_1P	(50, 26251.0)	(55, 25940.0)	(60, 25491.0)	(65, 25256.0)	(70, 25423.0)	(75, 25183.0)	(80, 25079.0)	(85, 25535.0)	(90, 25690.0)	(95, 26616.0)	(100, 27929.0)	(105, 28727.0)	(110, 28921.0)	(115, 30523.0)	(120, 30600.0)	(125, 34047.0)	(130, 34984.0)	(135, 34512.0)	(140, 37420.0)	(145, 458259.0)	(150, 22640706.0)
RNAi-gam-3_R1_001_trimmed_1U	(50, 28314.0)	(55, 29962.0)	(60, 33987.0)	(65, 39422.0)	(70, 48459.0)	(75, 59409.0)	(80, 74625.0)	(85, 93000.0)	(90, 115722.0)	(95, 142868.0)	(100, 171665.0)	(105, 205595.0)	(110, 242228.0)	(115, 281584.0)	(120, 325519.0)	(125, 370543.0)	(130, 413410.0)	(135, 462311.0)	(140, 300357.0)	(145, 41284.0)	(150, 406002.0)
RNAi-gam-3_R1_001_trimmed_2P	(50, 53735.0)	(55, 53250.0)	(60, 55066.0)	(65, 56502.0)	(70, 55071.0)	(75, 57563.0)	(80, 59891.0)	(85, 62278.0)	(90, 63313.0)	(95, 64579.0)	(100, 66219.0)	(105, 68464.0)	(110, 69947.0)	(115, 77103.0)	(120, 80908.0)	(125, 89876.0)	(130, 93440.0)	(135, 95190.0)	(140, 101580.0)	(145, 1067850.0)	(150, 21251267.0)
RNAi-gam-3_R1_001_trimmed_2U	(50, 8033.0)	(55, 7428.0)	(60, 7067.0)	(65, 6820.0)	(70, 6110.0)	(75, 5971.0)	(80, 5645.0)	(85, 5425.0)	(90, 5168.0)	(95, 5143.0)	(100, 4743.0)	(105, 4683.0)	(110, 4376.0)	(115, 4420.0)	(120, 4386.0)	(125, 4479.0)	(130, 4297.0)	(135, 4048.0)	(140, 3991.0)	(145, 17223.0)	(150, 111841.0)
WT-S5-1_R1_001_trimmed_1P	(50, 19388.0)	(55, 19162.0)	(60, 18976.0)	(65, 18539.0)	(70, 19012.0)	(75, 18898.0)	(80, 19083.0)	(85, 19249.0)	(90, 18980.0)	(95, 19290.0)	(100, 20095.0)	(105, 20221.0)	(110, 21221.0)	(115, 21718.0)	(120, 21801.0)	(125, 24104.0)	(130, 24543.0)	(135, 25129.0)	(140, 26648.0)	(145, 348381.0)	(150, 18305696.0)
WT-S5-1_R1_001_trimmed_1U	(50, 24392.0)	(55, 26379.0)	(60, 31248.0)	(65, 37659.0)	(70, 48383.0)	(75, 60934.0)	(80, 77672.0)	(85, 97837.0)	(90, 121814.0)	(95, 150157.0)	(100, 180571.0)	(105, 213860.0)	(110, 249027.0)	(115, 292726.0)	(120, 331403.0)	(125, 379438.0)	(130, 419282.0)	(135, 464861.0)	(140, 295714.0)	(145, 32383.0)	(150, 329676.0)
WT-S5-1_R1_001_trimmed_2P	(50, 43164.0)	(55, 43002.0)	(60, 43957.0)	(65, 45962.0)	(70, 43954.0)	(75, 46186.0)	(80, 47608.0)	(85, 49749.0)	(90, 49781.0)	(95, 51670.0)	(100, 52356.0)	(105, 54355.0)	(110, 55453.0)	(115, 60656.0)	(120, 63345.0)	(125, 71065.0)	(130, 73006.0)	(135, 74816.0)	(140, 80007.0)	(145, 856412.0)	(150, 17143630.0)
WT-S5-1_R1_001_trimmed_2U	(50, 6723.0)	(55, 6231.0)	(60, 5734.0)	(65, 5330.0)	(70, 5083.0)	(75, 4867.0)	(80, 4576.0)	(85, 4351.0)	(90, 4151.0)	(95, 3978.0)	(100, 3787.0)	(105, 3722.0)	(110, 3546.0)	(115, 3378.0)	(120, 3510.0)	(125, 3521.0)	(130, 3355.0)	(135, 3140.0)	(140, 3249.0)	(145, 13148.0)	(150, 82425.0)
WT-S5-2_R1_001_trimmed_1P	(50, 21578.0)	(55, 21709.0)	(60, 21078.0)	(65, 20536.0)	(70, 21155.0)	(75, 20666.0)	(80, 21345.0)	(85, 21223.0)	(90, 21299.0)	(95, 21522.0)	(100, 22754.0)	(105, 22678.0)	(110, 23479.0)	(115, 24472.0)	(120, 24266.0)	(125, 27027.0)	(130, 27201.0)	(135, 27042.0)	(140, 28795.0)	(145, 386554.0)	(150, 20538685.0)
WT-S5-2_R1_001_trimmed_1U	(50, 25186.0)	(55, 27339.0)	(60, 32025.0)	(65, 38779.0)	(70, 47965.0)	(75, 60262.0)	(80, 76364.0)	(85, 95636.0)	(90, 118006.0)	(95, 146377.0)	(100, 173961.0)	(105, 206809.0)	(110, 239898.0)	(115, 281442.0)	(120, 322554.0)	(125, 369387.0)	(130, 413005.0)	(135, 458242.0)	(140, 294828.0)	(145, 35258.0)	(150, 354654.0)
WT-S5-2_R1_001_trimmed_2P	(50, 45975.0)	(55, 45536.0)	(60, 47466.0)	(65, 49374.0)	(70, 46689.0)	(75, 49230.0)	(80, 50601.0)	(85, 52913.0)	(90, 53158.0)	(95, 55138.0)	(100, 55481.0)	(105, 57583.0)	(110, 59190.0)	(115, 64301.0)	(120, 67460.0)	(125, 75140.0)	(130, 77917.0)	(135, 79854.0)	(140, 85349.0)	(145, 932268.0)	(150, 19314441.0)
WT-S5-2_R1_001_trimmed_2U	(50, 7248.0)	(55, 6490.0)	(60, 6445.0)	(65, 5823.0)	(70, 5485.0)	(75, 5145.0)	(80, 4941.0)	(85, 4758.0)	(90, 4449.0)	(95, 4238.0)	(100, 4133.0)	(105, 4014.0)	(110, 3850.0)	(115, 3886.0)	(120, 3945.0)	(125, 3947.0)	(130, 3834.0)	(135, 3567.0)	(140, 3570.0)	(145, 14618.0)	(150, 94018.0)
WT-S5-3_R1_001_trimmed_1P	(50, 21948.0)	(55, 21754.0)	(60, 21237.0)	(65, 20742.0)	(70, 21286.0)	(75, 20960.0)	(80, 21207.0)	(85, 21196.0)	(90, 21321.0)	(95, 21420.0)	(100, 22771.0)	(105, 22853.0)	(110, 23436.0)	(115, 24905.0)	(120, 24593.0)	(125, 26761.0)	(130, 27443.0)	(135, 27234.0)	(140, 29702.0)	(145, 393249.0)	(150, 19820072.0)
WT-S5-3_R1_001_trimmed_1U	(50, 21287.0)	(55, 22237.0)	(60, 26109.0)	(65, 30449.0)	(70, 37897.0)	(75, 46607.0)	(80, 58168.0)	(85, 72655.0)	(90, 89979.0)	(95, 111940.0)	(100, 134510.0)	(105, 156477.0)	(110, 182230.0)	(115, 215070.0)	(120, 245485.0)	(125, 284459.0)	(130, 320365.0)	(135, 358572.0)	(140, 233548.0)	(145, 30652.0)	(150, 301501.0)
WT-S5-3_R1_001_trimmed_2P	(50, 41284.0)	(55, 40765.0)	(60, 43089.0)	(65, 44132.0)	(70, 41465.0)	(75, 44436.0)	(80, 46031.0)	(85, 47488.0)	(90, 47186.0)	(95, 50451.0)	(100, 49642.0)	(105, 50975.0)	(110, 53199.0)	(115, 57198.0)	(120, 59563.0)	(125, 66535.0)	(130, 69471.0)	(135, 71246.0)	(140, 75514.0)	(145, 852171.0)	(150, 18804249.0)
WT-S5-3_R1_001_trimmed_2U	(50, 7083.0)	(55, 6647.0)	(60, 6349.0)	(65, 5748.0)	(70, 5402.0)	(75, 5243.0)	(80, 4910.0)	(85, 4793.0)	(90, 4444.0)	(95, 4339.0)	(100, 4120.0)	(105, 4013.0)	(110, 3869.0)	(115, 3943.0)	(120, 3847.0)	(125, 3813.0)	(130, 3732.0)	(135, 3707.0)	(140, 3692.0)	(145, 15254.0)	(150, 101118.0)
WT-WYS-2_R1_001_trimmed_1P	(50, 21009.0)	(55, 20759.0)	(60, 20618.0)	(65, 20273.0)	(70, 20511.0)	(75, 20435.0)	(80, 20309.0)	(85, 20616.0)	(90, 20785.0)	(95, 21156.0)	(100, 22346.0)	(105, 22202.0)	(110, 22934.0)	(115, 23923.0)	(120, 23731.0)	(125, 26074.0)	(130, 26598.0)	(135, 26276.0)	(140, 28534.0)	(145, 367414.0)	(150, 18072034.0)
WT-WYS-2_R1_001_trimmed_1U	(50, 21657.0)	(55, 22916.0)	(60, 26050.0)	(65, 29843.0)	(70, 36812.0)	(75, 45956.0)	(80, 58725.0)	(85, 75138.0)	(90, 94985.0)	(95, 119173.0)	(100, 146019.0)	(105, 175797.0)	(110, 207551.0)	(115, 246283.0)	(120, 283738.0)	(125, 325576.0)	(130, 364080.0)	(135, 407349.0)	(140, 261700.0)	(145, 32825.0)	(150, 323777.0)
WT-WYS-2_R1_001_trimmed_2P	(50, 43763.0)	(55, 43155.0)	(60, 45441.0)	(65, 46455.0)	(70, 44912.0)	(75, 46708.0)	(80, 49080.0)	(85, 50385.0)	(90, 50950.0)	(95, 52726.0)	(100, 54049.0)	(105, 55977.0)	(110, 57599.0)	(115, 62446.0)	(120, 65837.0)	(125, 73955.0)	(130, 76054.0)	(135, 76978.0)	(140, 83032.0)	(145, 871415.0)	(150, 16917620.0)
WT-WYS-2_R1_001_trimmed_2U	(50, 6406.0)	(55, 6205.0)	(60, 5771.0)	(65, 5426.0)	(70, 4957.0)	(75, 4802.0)	(80, 4595.0)	(85, 4540.0)	(90, 4216.0)	(95, 3990.0)	(100, 3737.0)	(105, 3700.0)	(110, 3415.0)	(115, 3630.0)	(120, 3452.0)	(125, 3559.0)	(130, 3566.0)	(135, 3167.0)	(140, 3201.0)	(145, 13697.0)	(150, 87815.0)
WT-WYS-3_R1_001_trimmed_1P	(50, 21473.0)	(55, 21163.0)	(60, 20828.0)	(65, 20184.0)	(70, 21025.0)	(75, 20424.0)	(80, 20573.0)	(85, 20710.0)	(90, 20579.0)	(95, 21052.0)	(100, 22432.0)	(105, 22684.0)	(110, 23669.0)	(115, 24539.0)	(120, 24308.0)	(125, 26803.0)	(130, 27469.0)	(135, 27094.0)	(140, 29498.0)	(145, 365976.0)	(150, 18408869.0)
WT-WYS-3_R1_001_trimmed_1U	(50, 24690.0)	(55, 28041.0)	(60, 33491.0)	(65, 40345.0)	(70, 50247.0)	(75, 62515.0)	(80, 76218.0)	(85, 93182.0)	(90, 109806.0)	(95, 130515.0)	(100, 151668.0)	(105, 177565.0)	(110, 200454.0)	(115, 232762.0)	(120, 261582.0)	(125, 299678.0)	(130, 332412.0)	(135, 372648.0)	(140, 242704.0)	(145, 25804.0)	(150, 246051.0)
WT-WYS-3_R1_001_trimmed_2P	(50, 36060.0)	(55, 36025.0)	(60, 37363.0)	(65, 38369.0)	(70, 37186.0)	(75, 39572.0)	(80, 40569.0)	(85, 43008.0)	(90, 43202.0)	(95, 44890.0)	(100, 45932.0)	(105, 47258.0)	(110, 49277.0)	(115, 54034.0)	(120, 56306.0)	(125, 63428.0)	(130, 65988.0)	(135, 68116.0)	(140, 73023.0)	(145, 819793.0)	(150, 17471953.0)
WT-WYS-3_R1_001_trimmed_2U	(50, 6639.0)	(55, 6138.0)	(60, 5874.0)	(65, 5340.0)	(70, 5108.0)	(75, 4953.0)	(80, 4740.0)	(85, 4484.0)	(90, 4258.0)	(95, 4188.0)	(100, 3954.0)	(105, 3939.0)	(110, 3664.0)	(115, 3667.0)	(120, 3767.0)	(125, 3900.0)	(130, 3575.0)	(135, 3502.0)	(140, 3495.0)	(145, 14688.0)	(150, 94914.0)
WT-male-gam-1_R1_001_trimmed_1P	(50, 22076.0)	(55, 21880.0)	(60, 21887.0)	(65, 21641.0)	(70, 22257.0)	(75, 21541.0)	(80, 22160.0)	(85, 22051.0)	(90, 22131.0)	(95, 22944.0)	(100, 24232.0)	(105, 24076.0)	(110, 24792.0)	(115, 26390.0)	(120, 25789.0)	(125, 28962.0)	(130, 29434.0)	(135, 28976.0)	(140, 31724.0)	(145, 392926.0)	(150, 19463380.0)
WT-male-gam-1_R1_001_trimmed_1U	(50, 25715.0)	(55, 27382.0)	(60, 31791.0)	(65, 37689.0)	(70, 46327.0)	(75, 56313.0)	(80, 70239.0)	(85, 85609.0)	(90, 104934.0)	(95, 126882.0)	(100, 151011.0)	(105, 177791.0)	(110, 206791.0)	(115, 240300.0)	(120, 273264.0)	(125, 313896.0)	(130, 351958.0)	(135, 393867.0)	(140, 255394.0)	(145, 28851.0)	(150, 273945.0)
WT-male-gam-1_R1_001_trimmed_2P	(50, 39726.0)	(55, 39419.0)	(60, 41265.0)	(65, 43077.0)	(70, 40916.0)	(75, 43147.0)	(80, 44808.0)	(85, 47393.0)	(90, 48181.0)	(95, 49975.0)	(100, 51264.0)	(105, 53214.0)	(110, 54734.0)	(115, 59294.0)	(120, 63143.0)	(125, 70763.0)	(130, 73392.0)	(135, 74814.0)	(140, 80780.0)	(145, 894858.0)	(150, 18407086.0)
WT-male-gam-1_R1_001_trimmed_2U	(50, 6897.0)	(55, 6406.0)	(60, 6124.0)	(65, 5682.0)	(70, 5268.0)	(75, 5036.0)	(80, 4998.0)	(85, 4734.0)	(90, 4369.0)	(95, 4272.0)	(100, 4091.0)	(105, 4020.0)	(110, 3792.0)	(115, 3881.0)	(120, 3844.0)	(125, 3895.0)	(130, 3767.0)	(135, 3599.0)	(140, 3549.0)	(145, 15214.0)	(150, 98889.0)
WT-male-gam-2_R1_001_trimmed_1P	(50, 24706.0)	(55, 24534.0)	(60, 24184.0)	(65, 23732.0)	(70, 24500.0)	(75, 24176.0)	(80, 24213.0)	(85, 24505.0)	(90, 24636.0)	(95, 25109.0)	(100, 26688.0)	(105, 26509.0)	(110, 27406.0)	(115, 28852.0)	(120, 28736.0)	(125, 31368.0)	(130, 32365.0)	(135, 31605.0)	(140, 33642.0)	(145, 428361.0)	(150, 21608945.0)
WT-male-gam-2_R1_001_trimmed_1U	(50, 24321.0)	(55, 25683.0)	(60, 28638.0)	(65, 33388.0)	(70, 40021.0)	(75, 48632.0)	(80, 59633.0)	(85, 73529.0)	(90, 91050.0)	(95, 111189.0)	(100, 133686.0)	(105, 158567.0)	(110, 184919.0)	(115, 219093.0)	(120, 251453.0)	(125, 290411.0)	(130, 328961.0)	(135, 371848.0)	(140, 244518.0)	(145, 29127.0)	(150, 269153.0)
WT-male-gam-2_R1_001_trimmed_2P	(50, 40313.0)	(55, 40507.0)	(60, 42191.0)	(65, 43719.0)	(70, 42535.0)	(75, 44528.0)	(80, 45949.0)	(85, 48493.0)	(90, 49310.0)	(95, 51425.0)	(100, 52023.0)	(105, 53771.0)	(110, 55504.0)	(115, 61108.0)	(120, 64148.0)	(125, 71762.0)	(130, 73856.0)	(135, 76372.0)	(140, 81911.0)	(145, 944281.0)	(150, 20565066.0)
WT-male-gam-2_R1_001_trimmed_2U	(50, 7563.0)	(55, 6897.0)	(60, 6627.0)	(65, 6177.0)	(70, 5891.0)	(75, 5435.0)	(80, 5467.0)	(85, 5147.0)	(90, 4906.0)	(95, 4714.0)	(100, 4554.0)	(105, 4531.0)	(110, 4195.0)	(115, 4216.0)	(120, 4248.0)	(125, 4257.0)	(130, 4205.0)	(135, 3965.0)	(140, 3908.0)	(145, 16585.0)	(150, 110037.0)
WT-male-gam-3_R1_001_trimmed_1P	(50, 26263.0)	(55, 26253.0)	(60, 25651.0)	(65, 25288.0)	(70, 25722.0)	(75, 25153.0)	(80, 25312.0)	(85, 25710.0)	(90, 26424.0)	(95, 26585.0)	(100, 28371.0)	(105, 28352.0)	(110, 29085.0)	(115, 30387.0)	(120, 30667.0)	(125, 33846.0)	(130, 34111.0)	(135, 33705.0)	(140, 36201.0)	(145, 457920.0)	(150, 22838273.0)
WT-male-gam-3_R1_001_trimmed_1U	(50, 30940.0)	(55, 34232.0)	(60, 40558.0)	(65, 48320.0)	(70, 59352.0)	(75, 71592.0)	(80, 85970.0)	(85, 102704.0)	(90, 120518.0)	(95, 141908.0)	(100, 162795.0)	(105, 187840.0)	(110, 214741.0)	(115, 246429.0)	(120, 280145.0)	(125, 320030.0)	(130, 361043.0)	(135, 401990.0)	(140, 265558.0)	(145, 36111.0)	(150, 351701.0)
WT-male-gam-3_R1_001_trimmed_2P	(50, 50154.0)	(55, 50312.0)	(60, 52404.0)	(65, 53875.0)	(70, 51627.0)	(75, 54225.0)	(80, 55877.0)	(85, 58899.0)	(90, 59439.0)	(95, 61452.0)	(100, 62371.0)	(105, 65256.0)	(110, 66607.0)	(115, 73071.0)	(120, 76778.0)	(125, 85849.0)	(130, 89179.0)	(135, 91404.0)	(140, 97997.0)	(145, 1061472.0)	(150, 21521031.0)
WT-male-gam-3_R1_001_trimmed_2U	(50, 8395.0)	(55, 7889.0)	(60, 7500.0)	(65, 6907.0)	(70, 6331.0)	(75, 6190.0)	(80, 6060.0)	(85, 5559.0)	(90, 5330.0)	(95, 5040.0)	(100, 4763.0)	(105, 4779.0)	(110, 4531.0)	(115, 4517.0)	(120, 4460.0)	(125, 4538.0)	(130, 4444.0)	(135, 4261.0)	(140, 4197.0)	(145, 17473.0)	(150, 110689.0)
WT-mature-herm-1_R1_001_trimmed_1P	(50, 60706.0)	(55, 20042.0)	(60, 17616.0)	(65, 14894.0)	(70, 18989.0)	(75, 24948.0)	(80, 35035.0)	(85, 29671.0)	(90, 33642.0)	(95, 36580.0)	(100, 16683.0)	(105, 14541.0)	(110, 13900.0)	(115, 13439.0)	(120, 13432.0)	(125, 13535.0)	(130, 14360.0)	(135, 14460.0)	(140, 15898.0)	(145, 182983.0)	(150, 21381173.0)
WT-mature-herm-1_R1_001_trimmed_1U	(50, 32070.0)	(55, 18451.0)	(60, 17364.0)	(65, 17034.0)	(70, 22862.0)	(75, 30134.0)	(80, 44834.0)	(85, 56474.0)	(90, 82351.0)	(95, 112792.0)	(100, 147474.0)	(105, 188095.0)	(110, 242136.0)	(115, 287525.0)	(120, 337699.0)	(125, 368918.0)	(130, 397715.0)	(135, 414824.0)	(140, 257411.0)	(145, 27334.0)	(150, 620425.0)
WT-mature-herm-1_R1_001_trimmed_2P	(50, 37378.0)	(55, 33804.0)	(60, 31552.0)	(65, 31359.0)	(70, 31879.0)	(75, 32700.0)	(80, 28535.0)	(85, 30338.0)	(90, 33974.0)	(95, 32314.0)	(100, 35656.0)	(105, 27791.0)	(110, 28228.0)	(115, 28557.0)	(120, 27828.0)	(125, 28301.0)	(130, 29107.0)	(135, 28701.0)	(140, 30786.0)	(145, 281026.0)	(150, 21116713.0)
WT-mature-herm-1_R1_001_trimmed_2U	(50, 9746.0)	(55, 6593.0)	(60, 6656.0)	(65, 7738.0)	(70, 6525.0)	(75, 4721.0)	(80, 2949.0)	(85, 3006.0)	(90, 3125.0)	(95, 3471.0)	(100, 6255.0)	(105, 2605.0)	(110, 2835.0)	(115, 2983.0)	(120, 3091.0)	(125, 3114.0)	(130, 3082.0)	(135, 2953.0)	(140, 3148.0)	(145, 10047.0)	(150, 242679.0)
WT-mature-herm-2_R1_001_trimmed_1P	(50, 17929.0)	(55, 18294.0)	(60, 18029.0)	(65, 17117.0)	(70, 17975.0)	(75, 17287.0)	(80, 17177.0)	(85, 17898.0)	(90, 17630.0)	(95, 18349.0)	(100, 19884.0)	(105, 19833.0)	(110, 20439.0)	(115, 21663.0)	(120, 21346.0)	(125, 23589.0)	(130, 24131.0)	(135, 24061.0)	(140, 26053.0)	(145, 353774.0)	(150, 18698893.0)
WT-mature-herm-2_R1_001_trimmed_1U	(50, 21229.0)	(55, 22277.0)	(60, 25025.0)	(65, 28678.0)	(70, 34662.0)	(75, 42431.0)	(80, 53487.0)	(85, 65992.0)	(90, 83407.0)	(95, 106455.0)	(100, 130335.0)	(105, 149089.0)	(110, 174018.0)	(115, 208252.0)	(120, 239318.0)	(125, 276411.0)	(130, 316124.0)	(135, 354778.0)	(140, 229700.0)	(145, 35265.0)	(150, 376895.0)
WT-mature-herm-2_R1_001_trimmed_2P	(50, 46716.0)	(55, 45173.0)	(60, 47932.0)	(65, 49705.0)	(70, 44807.0)	(75, 47705.0)	(80, 49682.0)	(85, 52657.0)	(90, 52607.0)	(95, 57822.0)	(100, 54661.0)	(105, 56588.0)	(110, 58737.0)	(115, 63729.0)	(120, 65898.0)	(125, 72893.0)	(130, 75102.0)	(135, 77160.0)	(140, 80962.0)	(145, 876972.0)	(150, 17453843.0)
WT-mature-herm-2_R1_001_trimmed_2U	(50, 6376.0)	(55, 5767.0)	(60, 5477.0)	(65, 5097.0)	(70, 4739.0)	(75, 4477.0)	(80, 4213.0)	(85, 4099.0)	(90, 3821.0)	(95, 3625.0)	(100, 3552.0)	(105, 3380.0)	(110, 3283.0)	(115, 3250.0)	(120, 3108.0)	(125, 3416.0)	(130, 3115.0)	(135, 3039.0)	(140, 2973.0)	(145, 12293.0)	(150, 79548.0)
WT-mature-herm-3_R1_001_trimmed_1P	(50, 46262.0)	(55, 18309.0)	(60, 16118.0)	(65, 14991.0)	(70, 19651.0)	(75, 27004.0)	(80, 38200.0)	(85, 31644.0)	(90, 36018.0)	(95, 38937.0)	(100, 17352.0)	(105, 14996.0)	(110, 14295.0)	(115, 13918.0)	(120, 14187.0)	(125, 14360.0)	(130, 15092.0)	(135, 15861.0)	(140, 17195.0)	(145, 197726.0)	(150, 23066517.0)
WT-mature-herm-3_R1_001_trimmed_1U	(50, 36659.0)	(55, 20775.0)	(60, 19576.0)	(65, 21130.0)	(70, 29039.0)	(75, 39944.0)	(80, 58671.0)	(85, 75767.0)	(90, 110386.0)	(95, 154041.0)	(100, 194331.0)	(105, 253996.0)	(110, 319232.0)	(115, 386507.0)	(120, 444992.0)	(125, 486268.0)	(130, 510233.0)	(135, 528681.0)	(140, 331170.0)	(145, 27963.0)	(150, 634286.0)
WT-mature-herm-3_R1_001_trimmed_2P	(50, 38126.0)	(55, 33995.0)	(60, 31232.0)	(65, 30519.0)	(70, 31125.0)	(75, 32113.0)	(80, 28049.0)	(85, 30828.0)	(90, 33786.0)	(95, 32091.0)	(100, 34220.0)	(105, 27661.0)	(110, 27908.0)	(115, 27949.0)	(120, 27947.0)	(125, 28406.0)	(130, 29089.0)	(135, 28990.0)	(140, 31087.0)	(145, 292216.0)	(150, 22811296.0)
WT-mature-herm-3_R1_001_trimmed_2U	(50, 14500.0)	(55, 6378.0)	(60, 5917.0)	(65, 7108.0)	(70, 5627.0)	(75, 4118.0)	(80, 3259.0)	(85, 3142.0)	(90, 3415.0)	(95, 3872.0)	(100, 7561.0)	(105, 2814.0)	(110, 2944.0)	(115, 3054.0)	(120, 2980.0)	(125, 2960.0)	(130, 2985.0)	(135, 2904.0)	(140, 3010.0)	(145, 10370.0)	(150, 249091.0)
