Sample	fastqc-percent_duplicates	fastqc-percent_gc	fastqc-avg_sequence_length	fastqc-median_sequence_length	fastqc-percent_fails	fastqc-total_sequences
BA12-S5_R1_001_trimmed_1P	64.40106169943613	47.0	149.3356892726421	150	9.090909090909092	18.625975
BA12-S5_R1_001_trimmed_1U	48.41915855308368	46.0	120.53085721836312	127	0.0	3.345052
BA12-S5_R1_001_trimmed_2P	65.37088627627628	47.0	147.78959630301233	150	9.090909090909092	18.625975
BA12-S5_R1_001_trimmed_2U	17.30257092081655	46.0	124.2672965264611	147	9.090909090909092	0.18617899999999998
BA12-WYS_R1_001_trimmed_1P	57.407789762874614	45.0	149.3501405064206	150	9.090909090909092	24.034133
BA12-WYS_R1_001_trimmed_1U	39.1546798904535	45.0	121.2335987490665	127	0.0	3.753357
BA12-WYS_R1_001_trimmed_2P	58.337472788263334	45.0	147.62995059984064	150	9.090909090909092	24.034133
BA12-WYS_R1_001_trimmed_2U	7.983057147800366	45.0	124.22020704363156	147	0.0	0.221789
BA12-gam_R1_001_trimmed_1P	60.28768499920007	46.0	149.3067914135763	150	9.090909090909092	20.458436
BA12-gam_R1_001_trimmed_1U	45.329608760223806	45.0	120.76562441037126	127	0.0	3.577463
BA12-gam_R1_001_trimmed_2P	60.46291108727997	46.0	147.36837962589124	150	9.090909090909092	20.458436
BA12-gam_R1_001_trimmed_2U	18.339666991891775	45.0	122.59296379841837	147	9.090909090909092	0.191069
BA14-S5_R1_001_trimmed_1P	78.80007960194669	48.0	149.3740902206759	150	9.090909090909092	24.054596999999998
BA14-S5_R1_001_trimmed_1U	65.58490152839664	47.0	121.25272909788613	127	9.090909090909092	4.045476
BA14-S5_R1_001_trimmed_2P	78.90234835182174	48.0	147.79806150982284	150	9.090909090909092	24.054596999999998
BA14-S5_R1_001_trimmed_2U	18.992318678079755	47.0	124.55284433338232	147	0.0	0.23130199999999998
BA14-WYS_R1_001_trimmed_1P	51.07507608782341	45.0	149.25968346677726	150	9.090909090909092	19.827429
BA14-WYS_R1_001_trimmed_1U	32.3558755605503	45.0	121.6103030208192	127	0.0	2.8757099999999998
BA14-WYS_R1_001_trimmed_2P	51.43230553870431	45.0	147.5374689527321	150	9.090909090909092	19.827429
BA14-WYS_R1_001_trimmed_2U	8.593171429842144	45.0	124.25309533105914	147	0.0	0.194648
BA14-gam_R1_001_trimmed_1P	70.72279498047872	47.0	149.27383846195968	150	9.090909090909092	22.061007999999998
BA14-gam_R1_001_trimmed_1U	58.77755228262387	46.0	119.01958770225635	122	9.090909090909092	4.157966
BA14-gam_R1_001_trimmed_2P	71.09519392580295	47.0	147.93176816761954	150	9.090909090909092	22.061007999999998
BA14-gam_R1_001_trimmed_2U	21.68716979722589	47.0	124.27907386523823	147	0.0	0.227008
BA19-S5_R1_001_trimmed_1P	57.517631318434184	45.0	149.26864387115558	150	9.090909090909092	25.121057
BA19-S5_R1_001_trimmed_1U	36.5188508249813	45.0	121.47924140613995	127	0.0	3.038332
BA19-S5_R1_001_trimmed_2P	58.35565343204453	46.0	147.7116622123026	150	9.090909090909092	25.121057
BA19-S5_R1_001_trimmed_2U	8.338061337619465	45.0	125.21758595279034	150	0.0	0.25240599999999996
BA19-WYS_R1_001_trimmed_1P	59.15648030349607	46.0	149.29218204322984	150	9.090909090909092	18.944643
BA19-WYS_R1_001_trimmed_1U	43.718755838085	45.0	119.20615681659028	122	0.0	3.734235
BA19-WYS_R1_001_trimmed_2P	59.596351655831974	46.0	147.80598713314365	150	9.090909090909092	18.944643
BA19-WYS_R1_001_trimmed_2U	17.030007467622482	46.0	123.95967645077572	147	0.0	0.191501
BA19-gam_R1_001_trimmed_1P	79.91813602758548	50.0	149.25418594109453	150	18.181818181818183	22.565953
BA19-gam_R1_001_trimmed_1U	69.83323088508432	49.0	124.06708259138996	127	18.181818181818183	4.506184
BA19-gam_R1_001_trimmed_2P	80.62870221736166	50.0	149.0897499653571	150	18.181818181818183	22.565953
BA19-gam_R1_001_trimmed_2U	62.91705195734475	69.0	135.24014366922592	150	45.45454545454545	0.376281
BD5-S5_R1_001_trimmed_1P	58.13946213736461	46.0	149.2584042154991	150	9.090909090909092	16.176495
BD5-S5_R1_001_trimmed_1U	40.69479378937526	46.0	118.40793332008069	122	0.0	2.786866
BD5-S5_R1_001_trimmed_2P	58.89541275566597	46.0	148.36380062553724	150	9.090909090909092	16.176495
BD5-S5_R1_001_trimmed_2U	12.729219178225236	46.0	126.55289485610696	150	0.0	0.17651999999999998
BD5-WYS_R1_001_trimmed_1P	61.499718889621406	46.0	149.31764199143882	150	9.090909090909092	19.148989
BD5-WYS_R1_001_trimmed_1U	45.195241874155656	46.0	119.84276971146976	122	0.0	3.645961
BD5-WYS_R1_001_trimmed_2P	62.09375314891161	46.0	148.04119345412963	150	9.090909090909092	19.148989
BD5-WYS_R1_001_trimmed_2U	17.008542477158713	46.0	124.1355733607686	147	0.0	0.19245299999999999
BD5-gam_R1_001_trimmed_1P	77.79843181111065	49.0	148.6249670791603	150	9.090909090909092	24.517145
BD5-gam_R1_001_trimmed_1U	66.35949845196025	49.0	122.57991014333409	127	36.36363636363637	4.223838
BD5-gam_R1_001_trimmed_2P	78.57929751797596	49.0	148.94247906923908	150	27.27272727272727	24.517145
BD5-gam_R1_001_trimmed_2U	43.020202795749704	55.0	135.34513770714753	150	36.36363636363637	0.289709
BF16-S5_R1_001_trimmed_1P	73.45059063785955	48.0	149.32822320247496	150	18.181818181818183	26.991905
BF16-S5_R1_001_trimmed_1U	58.8399929954582	48.0	124.4519489360471	127	18.181818181818183	4.424491
BF16-S5_R1_001_trimmed_2P	74.57844558657212	48.0	149.13220663750855	150	18.181818181818183	26.991905
BF16-S5_R1_001_trimmed_2U	43.52342521907424	60.0	135.64613101935194	150	36.36363636363637	0.35552
BF16-WYS_R1_001_trimmed_1P	56.23196677418435	45.0	149.28308742039601	150	9.090909090909092	20.369743
BF16-WYS_R1_001_trimmed_1U	39.26447282864694	45.0	119.7466080435207	122	0.0	3.5194289999999997
BF16-WYS_R1_001_trimmed_2P	56.623931295136956	45.0	148.11367485097873	150	9.090909090909092	20.369743
BF16-WYS_R1_001_trimmed_2U	7.950885659521518	45.0	125.41389172235621	150	0.0	0.20979399999999998
BF16-gam_R1_001_trimmed_1P	79.02996595632915	49.0	148.48972506853036	150	9.090909090909092	25.529562
BF16-gam_R1_001_trimmed_1U	67.59324115774585	49.0	122.57397218318862	127	36.36363636363637	4.447023
BF16-gam_R1_001_trimmed_2P	79.84600139536117	49.0	148.90811845890659	150	18.181818181818183	25.529562
BF16-gam_R1_001_trimmed_2U	52.804919669197744	63.0	135.53649445290094	150	45.45454545454545	0.346217
BF5-S5_R1_001_trimmed_1P	64.36787777847479	47.0	149.31764145395317	150	9.090909090909092	17.146852
BF5-S5_R1_001_trimmed_1U	47.717756793363705	46.0	118.75769535325729	122	0.0	2.9816369999999996
BF5-S5_R1_001_trimmed_2P	65.13307234032152	47.0	148.34629059024945	150	9.090909090909092	17.146852
BF5-S5_R1_001_trimmed_2U	18.327312214583657	47.0	125.43378081802895	150	0.0	0.183172
BF5-WYS_R1_001_trimmed_1P	58.689537234575376	46.0	149.3354198818248	150	9.090909090909092	20.030766999999997
BF5-WYS_R1_001_trimmed_1U	41.402106106972205	45.0	121.67305734655487	127	0.0	3.364509
BF5-WYS_R1_001_trimmed_2P	58.98265622718702	46.0	147.4907104655553	150	9.090909090909092	20.030766999999997
BF5-WYS_R1_001_trimmed_2U	15.523430276597736	45.0	123.44764768026742	147	9.090909090909092	0.19025899999999998
BF5-gam_R1_001_trimmed_1P	67.45670244584049	46.0	149.3508306129968	150	9.090909090909092	21.168643
BF5-gam_R1_001_trimmed_1U	55.60470416887668	46.0	119.54056152030027	122	9.090909090909092	4.6879159999999995
BF5-gam_R1_001_trimmed_2P	67.98207639122515	46.0	148.12142814255972	150	9.090909090909092	21.168643
BF5-gam_R1_001_trimmed_2U	15.201850563657842	46.0	124.1613780276571	147	0.0	0.211302
Cross-S5-1_R1_001_trimmed_1P	59.61604033524529	46.0	149.34605918941517	150	9.090909090909092	21.923751
Cross-S5-1_R1_001_trimmed_1U	42.5790261993085	46.0	120.28910928124134	127	0.0	3.82298
Cross-S5-1_R1_001_trimmed_2P	59.65849052497294	46.0	147.4761715958186	150	9.090909090909092	21.923751
Cross-S5-1_R1_001_trimmed_2U	16.515806290562992	46.0	122.87006620254563	147	0.0	0.19908599999999999
Cross-S5-2_R1_001_trimmed_1P	58.5087385419407	46.0	149.3862961174186	150	9.090909090909092	23.104962999999998
Cross-S5-2_R1_001_trimmed_1U	40.62245777949115	46.0	121.26505413507729	127	0.0	3.7786959999999996
Cross-S5-2_R1_001_trimmed_2P	59.5272083025178	46.0	147.58511755677773	150	9.090909090909092	23.104962999999998
Cross-S5-2_R1_001_trimmed_2U	8.435198551987227	46.0	124.09349748866838	147	0.0	0.20407499999999998
Cross-S5-3_R1_001_trimmed_1P	64.5398463636005	47.0	149.33628539147838	150	9.090909090909092	19.040105999999998
Cross-S5-3_R1_001_trimmed_1U	48.94251930503336	46.0	119.76864585076866	122	0.0	3.471161
Cross-S5-3_R1_001_trimmed_2P	65.0588658001158	47.0	147.89609853012374	150	9.090909090909092	19.040105999999998
Cross-S5-3_R1_001_trimmed_2U	22.016567978556253	46.0	123.9648198224522	147	0.0	0.18823099999999998
Cross-WYS-1_R1_001_trimmed_1P	58.67063034244647	46.0	149.30704469103839	150	9.090909090909092	20.011126
Cross-WYS-1_R1_001_trimmed_1U	42.264041228887294	45.0	119.52575924397344	122	0.0	3.759233
Cross-WYS-1_R1_001_trimmed_2P	58.986930289491276	46.0	147.89535111617408	150	9.090909090909092	20.011126
Cross-WYS-1_R1_001_trimmed_2U	15.974930186247462	45.0	124.19202728714333	147	0.0	0.200534
Cross-WYS-2_R1_001_trimmed_1P	56.49841780596178	46.0	149.2649535465416	150	9.090909090909092	19.910142999999998
Cross-WYS-2_R1_001_trimmed_1U	36.86530203959627	45.0	120.4568887400693	127	0.0	2.846101
Cross-WYS-2_R1_001_trimmed_2P	57.45941606064721	46.0	147.98910678341184	150	9.090909090909092	19.910142999999998
Cross-WYS-2_R1_001_trimmed_2U	8.550524535835109	45.0	125.2636414825136	150	0.0	0.209563
Cross-WYS-3_R1_001_trimmed_1P	58.07384569862737	46.0	149.32938750633735	150	9.090909090909092	21.174015
Cross-WYS-3_R1_001_trimmed_1U	40.554139364525355	45.0	119.98424733806634	127	0.0	3.628847
Cross-WYS-3_R1_001_trimmed_2P	58.403641674560085	46.0	147.95735558419128	150	9.090909090909092	21.174015
Cross-WYS-3_R1_001_trimmed_2U	9.539429708754383	45.0	124.61753965564154	147	0.0	0.20949099999999998
Cross-gam-1_R1_001_trimmed_1P	59.06677831096175	46.0	149.28775013296018	150	9.090909090909092	18.488616999999998
Cross-gam-1_R1_001_trimmed_1U	42.94124193299251	46.0	121.33380426115474	127	0.0	3.22307
Cross-gam-1_R1_001_trimmed_2P	59.579144904696726	46.0	147.57919621570397	150	9.090909090909092	18.488616999999998
Cross-gam-1_R1_001_trimmed_2U	16.903947216514467	46.0	123.91383896340768	147	0.0	0.184219
Cross-gam-2_R1_001_trimmed_1P	59.11966663110436	46.0	149.30684581032648	150	9.090909090909092	18.82772
Cross-gam-2_R1_001_trimmed_1U	42.07355598331338	46.0	120.21052123195716	127	0.0	3.385345
Cross-gam-2_R1_001_trimmed_2P	59.791175284173754	46.0	147.91190348592394	150	9.090909090909092	18.82772
Cross-gam-2_R1_001_trimmed_2U	13.716807789851885	46.0	124.66719452283893	147	0.0	0.19133999999999998
Cross-gam-3_R1_001_trimmed_1P	56.09073334679722	46.0	149.36641098921328	150	9.090909090909092	16.981161
Cross-gam-3_R1_001_trimmed_1U	35.29132941997024	46.0	121.86794609697094	127	0.0	2.34792
Cross-gam-3_R1_001_trimmed_2P	56.699592815387604	46.0	147.37821445188584	150	9.090909090909092	16.981161
Cross-gam-3_R1_001_trimmed_2U	9.946590546177276	46.0	122.88977182676948	147	0.0	0.159002
RESUB-WT-WYS-4_R1_001_trimmed_1P	56.358471733969004	45.0	149.35244826710274	150	9.090909090909092	20.769956
RESUB-WT-WYS-4_R1_001_trimmed_1U	37.78147667743579	45.0	120.30749328109071	127	0.0	3.2479229999999997
RESUB-WT-WYS-4_R1_001_trimmed_2P	56.99391497935769	45.0	147.87527132941446	150	9.090909090909092	20.769956
RESUB-WT-WYS-4_R1_001_trimmed_2U	11.284915196867189	45.0	124.08610239643662	147	0.0	0.19666699999999998
RNAi-S5-1_R1_001_trimmed_1P	67.23819467253858	46.0	149.43622118552597	150	9.090909090909092	16.950855999999998
RNAi-S5-1_R1_001_trimmed_1U	51.842991127586586	46.0	120.09375476106429	127	9.090909090909092	3.209629
RNAi-S5-1_R1_001_trimmed_2P	68.13743005890865	46.0	147.38224420642828	150	9.090909090909092	16.950855999999998
RNAi-S5-1_R1_001_trimmed_2U	14.08630065794722	46.0	122.24425894923597	147	0.0	0.149929
RNAi-S5-2_R1_001_trimmed_1P	64.00620380861918	46.0	149.31237285769882	150	9.090909090909092	21.658310999999998
RNAi-S5-2_R1_001_trimmed_1U	48.52103245285424	46.0	120.32903459913015	127	0.0	3.89952
RNAi-S5-2_R1_001_trimmed_2P	64.68033840450869	46.0	147.85405567867227	150	9.090909090909092	21.658310999999998
RNAi-S5-2_R1_001_trimmed_2U	16.12893014748596	46.0	124.23830403889305	147	0.0	0.21392
RNAi-S5-3_R1_001_trimmed_1P	68.92365447034148	47.0	149.28582341014442	150	9.090909090909092	19.69377
RNAi-S5-3_R1_001_trimmed_1U	52.89969977436606	46.0	119.63706424497714	122	9.090909090909092	3.0786219999999997
RNAi-S5-3_R1_001_trimmed_2P	69.68616845294132	47.0	148.31787270796806	150	9.090909090909092	19.69377
RNAi-S5-3_R1_001_trimmed_2U	18.54162138341401	47.0	126.17565727100789	150	0.0	0.207791
RNAi-WYS-1_R1_001_trimmed_1P	58.78894125656382	46.0	149.32121551939235	150	9.090909090909092	19.578215
RNAi-WYS-1_R1_001_trimmed_1U	39.92104588230857	46.0	120.30544220569134	127	0.0	2.903253
RNAi-WYS-1_R1_001_trimmed_2P	59.06423353344683	46.0	147.79141584153612	150	9.090909090909092	19.578215
RNAi-WYS-1_R1_001_trimmed_2U	16.78176326798615	46.0	123.79944226045502	147	0.0	0.19256299999999998
RNAi-WYS-2_R1_001_trimmed_1P	59.337757519900705	46.0	149.3381530369535	150	9.090909090909092	20.111783
RNAi-WYS-2_R1_001_trimmed_1U	41.61235465638323	46.0	121.18624003661908	127	0.0	3.172116
RNAi-WYS-2_R1_001_trimmed_2P	59.46796689970489	46.0	147.54617263422145	150	9.090909090909092	20.111783
RNAi-WYS-2_R1_001_trimmed_2U	18.903969246972423	46.0	123.38424666006927	147	0.0	0.194016
RNAi-WYS-3_R1_001_trimmed_1P	62.872049352748846	46.0	149.30011999502972	150	9.090909090909092	24.682689
RNAi-WYS-3_R1_001_trimmed_1U	47.10071004007855	45.0	118.6010865400584	122	0.0	4.5883259999999995
RNAi-WYS-3_R1_001_trimmed_2P	63.549552091380775	46.0	148.43950134444427	150	9.090909090909092	24.682689
RNAi-WYS-3_R1_001_trimmed_2U	12.210720628042807	46.0	125.97530024221547	150	0.0	0.25720899999999997
RNAi-gam-1_R1_001_trimmed_1P	55.14501122056463	46.0	149.30340459510472	150	9.090909090909092	18.162893999999998
RNAi-gam-1_R1_001_trimmed_1U	38.021406085723655	45.0	120.37476930409186	127	0.0	3.008831
RNAi-gam-1_R1_001_trimmed_2P	55.47549318922556	46.0	147.91949928243815	150	9.090909090909092	18.162893999999998
RNAi-gam-1_R1_001_trimmed_2U	13.988302758425192	45.0	123.83293519453917	147	0.0	0.179167
RNAi-gam-2_R1_001_trimmed_1P	60.92619752967809	46.0	149.2895272007633	150	9.090909090909092	20.633557
RNAi-gam-2_R1_001_trimmed_1U	45.69854266563856	46.0	120.90128417295391	127	0.0	3.559723
RNAi-gam-2_R1_001_trimmed_2P	60.89126415886231	46.0	147.6745702885838	150	9.090909090909092	20.633557
RNAi-gam-2_R1_001_trimmed_2U	23.366635549460298	46.0	124.20714931167304	147	0.0	0.198089
RNAi-gam-3_R1_001_trimmed_1P	52.110189492423345	45.0	149.2761219640815	150	9.090909090909092	23.643092
RNAi-gam-3_R1_001_trimmed_1U	33.928894301917595	45.0	120.62791095617233	127	0.0	3.886266
RNAi-gam-3_R1_001_trimmed_2P	52.59142544562566	45.0	147.6606400930978	150	9.090909090909092	23.643092
RNAi-gam-3_R1_001_trimmed_2U	6.222557753927319	45.0	124.05471104251244	147	0.0	0.231297
WT-S5-1_R1_001_trimmed_1P	59.855139379374876	46.0	149.38149248713947	150	9.090909090909092	19.050134
WT-S5-1_R1_001_trimmed_1U	44.63796144224344	46.0	119.91495300893875	122	0.0	3.8654159999999997
WT-S5-1_R1_001_trimmed_2P	60.81689925616125	46.0	147.6902413389848	150	9.090909090909092	19.050134
WT-S5-1_R1_001_trimmed_2U	12.64319854043066	46.0	122.62901774415792	147	0.0	0.177805
WT-S5-2_R1_001_trimmed_1P	64.25415551555766	46.0	149.38936787177423	150	9.090909090909092	21.365064
WT-S5-2_R1_001_trimmed_1U	47.85553967762814	46.0	120.17779258492128	127	0.0	3.817977
WT-S5-2_R1_001_trimmed_2P	64.8699742197725	47.0	147.82723615992913	150	9.090909090909092	21.365064
WT-S5-2_R1_001_trimmed_2U	15.795891628171503	46.0	123.41934134392451	147	0.0	0.198404
WT-S5-3_R1_001_trimmed_1P	62.945916779150124	47.0	149.34393546891013	150	9.090909090909092	20.65609
WT-S5-3_R1_001_trimmed_1U	44.65289978057356	47.0	120.51122207692981	127	0.0	2.980197
WT-S5-3_R1_001_trimmed_2P	64.43116207772982	47.0	148.01901093091675	150	9.090909090909092	20.65609
WT-S5-3_R1_001_trimmed_2U	12.191277195135058	47.0	124.48033639707667	147	0.0	0.206066
WT-WYS-2_R1_001_trimmed_1P	51.36856133622541	44.0	149.27646711560095	150	9.090909090909092	18.868537
WT-WYS-2_R1_001_trimmed_1U	33.78334810545451	44.0	121.05343532116336	127	0.0	3.3059499999999997
WT-WYS-2_R1_001_trimmed_2P	52.189803408152024	45.0	147.59835773170968	150	9.090909090909092	18.868537
WT-WYS-2_R1_001_trimmed_2U	8.728994209510162	44.0	123.6224768421568	147	0.0	0.18384699999999998
WT-WYS-3_R1_001_trimmed_1P	53.22492278428024	45.0	149.28379978150417	150	9.090909090909092	19.211351999999998
WT-WYS-3_R1_001_trimmed_1U	35.366425648836056	45.0	118.2681764189579	122	0.0	3.1923779999999997
WT-WYS-3_R1_001_trimmed_2P	54.057499250702065	45.0	148.08405517217113	150	9.090909090909092	19.211351999999998
WT-WYS-3_R1_001_trimmed_2U	9.707727117305097	45.0	124.51394600255664	147	0.0	0.194787
WT-male-gam-1_R1_001_trimmed_1P	51.74647625795753	45.0	149.27997649160247	150	9.090909090909092	20.321248999999998
WT-male-gam-1_R1_001_trimmed_1U	32.703212485357284	45.0	119.29890388539577	122	0.0	3.279949
WT-male-gam-1_R1_001_trimmed_2P	52.40472910322706	45.0	147.97331300846716	150	9.090909090909092	20.321248999999998
WT-male-gam-1_R1_001_trimmed_2U	5.272080594816643	45.0	124.51435300281229	147	0.0	0.20232699999999998
WT-male-gam-2_R1_001_trimmed_1P	52.60891739859937	45.0	149.2855345515046	150	9.090909090909092	22.548772
WT-male-gam-2_R1_001_trimmed_1U	32.18073134774791	45.0	120.02038077155032	127	0.0	3.01782
WT-male-gam-2_R1_001_trimmed_2P	53.11988048626491	45.0	148.1683186561113	150	9.090909090909092	22.548772
WT-male-gam-2_R1_001_trimmed_2U	5.7415951739319695	45.0	124.7358214964769	147	0.0	0.223525
WT-male-gam-3_R1_001_trimmed_1P	53.57665153960963	45.0	149.28189957003315	150	9.090909090909092	23.839278999999998
WT-male-gam-3_R1_001_trimmed_1U	35.193953612611125	45.0	118.67746726939184	122	0.0	3.5644769999999997
WT-male-gam-3_R1_001_trimmed_2P	54.99711172202338	45.0	147.8294144927789	150	9.090909090909092	23.839278999999998
WT-male-gam-3_R1_001_trimmed_2U	6.226656652825028	45.0	123.38258435855003	147	9.090909090909092	0.23385299999999998
WT-mature-herm-1_R1_001_trimmed_1P	74.45602630751186	49.0	149.292265645229	150	18.181818181818183	21.986527
WT-mature-herm-1_R1_001_trimmed_1U	61.04722952445664	49.0	124.40218712959079	127	18.181818181818183	3.723922
WT-mature-herm-1_R1_001_trimmed_2P	75.32042708539451	49.0	148.98236040189522	150	18.181818181818183	21.986527
WT-mature-herm-1_R1_001_trimmed_2U	56.1935994551537	67.0	134.55662690248488	150	45.45454545454545	0.337322
WT-mature-herm-2_R1_001_trimmed_1P	68.12757812980723	48.0	149.45825730285043	150	9.090909090909092	19.431351
WT-mature-herm-2_R1_001_trimmed_1U	50.77476689251983	47.0	121.72746154115167	127	9.090909090909092	2.9738279999999997
WT-mature-herm-2_R1_001_trimmed_2P	68.26051747231017	48.0	147.5950152668232	150	9.090909090909092	19.431351
WT-mature-herm-2_R1_001_trimmed_2U	23.607382254865996	47.0	123.01461624211375	147	0.0	0.168648
WT-mature-herm-3_R1_001_trimmed_1P	78.07926341494591	49.0	149.40772988040297	150	18.181818181818183	23.688633
WT-mature-herm-3_R1_001_trimmed_1U	66.38725814236943	49.0	123.3617937047775	127	18.181818181818183	4.683647
WT-mature-herm-3_R1_001_trimmed_2P	78.83818657951784	50.0	149.09947914681274	150	18.181818181818183	23.688633
WT-mature-herm-3_R1_001_trimmed_2U	57.286321209251284	66.0	134.03084834012913	150	45.45454545454545	0.34800899999999996
